-0.07819957  0.8902985  -0.2079416  0.131612  0.03862322  0.07225735  0.9879097  0.1378449  0.8771952  -0.1931681  0.1668076  -0.06679224  0.1283858  0.9753108  0.0254084
-0.07810996  0.8903934  -0.207948  0.1313396  0.03859334  0.07165803  0.9879909  0.137946  0.8772938  -0.1931309  0.1655699  -0.06624008  0.1286217  0.9755284  0.056714
-0.07767288  0.8905925  -0.2081135  0.1304379  0.04022367  0.07027517  0.9881445  0.1381789  0.8771629  -0.1931841  0.1661725  -0.06586099  0.1274054  0.9756112  0.0855548
-0.07718695  0.891027  -0.2083048  0.1293646  0.04313717  0.07053745  0.988144  0.1385041  0.8768646  -0.1930029  0.1673751  -0.06506003  0.1269781  0.9755149  0.1112577
-0.07610441  0.8925104  -0.2087919  0.1257901  0.04801045  0.06900455  0.9884889  0.1390259  0.8763067  -0.1931293  0.1678131  -0.06437226  0.1316141  0.9748706  0.2213543
-0.07657779  0.8924694  -0.2089494  0.1246804  0.05039078  0.0684488  0.9885496  0.138929  0.8766658  -0.1932044  0.1677334  -0.06532094  0.1308833  0.9749196  0.2532762
-0.07356974  0.8964893  -0.2098367  0.11521  0.06494857  0.04896237  0.9900057  0.139029  0.8758199  -0.1932783  0.1674136  -0.07595859  0.147916  0.9717634  0.2837234
-0.07359784  0.8965816  -0.2097861  0.1146531  0.06687018  0.04595992  0.9900864  0.1389009  0.8760759  -0.1934556  0.1646068  -0.07924234  0.1560479  0.9707083  0.3054813
-0.07289287  0.8974323  -0.2098801  0.1127868  0.07018626  0.04131917  0.9902757  0.138571  0.8760449  -0.193498  0.1635492  -0.08223762  0.1614863  0.969748  0.3266692
-0.07362808  0.8991343  -0.2090912  0.1087018  0.07215053  0.04020013  0.9906373  0.13815  0.8765219  -0.1941751  0.1601121  -0.09180708  0.1696384  0.9680695  0.3747674
-0.07359382  0.9006768  -0.2083966  0.1058161  0.07494639  0.04091711  0.990713  0.1372338  0.8767085  -0.1951936  0.156958  -0.1067242  0.1794452  0.9652843  0.4038137
-0.07283866  0.9040422  -0.2067664  0.09929754  0.08115381  0.03210123  0.9912234  0.1340162  0.8771339  -0.1970204  0.1502438  -0.1304905  0.2062522  0.9580497  0.4276349
-0.07297125  0.9049675  -0.2059763  0.09627663  0.07973479  0.021175  0.9919299  0.133107  0.8776093  -0.1982756  0.146284  -0.1424187  0.2163732  0.9547254  0.4511142
-0.07263077  0.9068438  -0.2050824  0.09261467  0.08187842  0.01461546  0.9922223  0.1306439  0.8778735  -0.1995402  0.1424003  -0.155297  0.2288076  0.9503959  0.4710791
-0.07320394  0.9086792  -0.2031063  0.08869923  0.07821804  0.007309154  0.9929559  0.1253016  0.880249  -0.2047487  0.1391219  -0.2017069  0.2301286  0.9418072  0.4958639
-0.0739662  0.9110662  -0.201162  0.0841736  0.07278948  0.01063473  0.9937322  0.1185061  0.8832307  -0.211567  0.1531132  -0.2693179  0.2201345  0.9249678  0.5162066
-0.07337735  0.9138552  -0.2000538  0.07782694  0.07793719  0.01100829  0.9938549  0.1141626  0.8886566  -0.2170986  0.146104  -0.3110867  0.2350504  0.909192  0.5483041
-0.07229895  0.9155558  -0.1989138  0.07709981  0.08745423  0.007875373  0.9931493  0.1116657  0.8929237  -0.2207764  0.1396017  -0.3380145  0.2583718  0.8941486  0.573202
-0.07157662  0.9166842  -0.1970976  0.07588428  0.09125573  -5.982816E-06  0.9929321  0.1092254  0.8986818  -0.2235576  0.1261396  -0.3675431  0.2802627  0.877755  0.6022599
-0.07147651  0.915203  -0.1951543  0.0786921  0.08574793  -0.01772667  0.9930462  0.1125987  0.9066132  -0.2176071  0.1227597  -0.3613231  0.2614795  0.8865688  0.6598051
-0.07077546  0.9153264  -0.1937582  0.07731695  0.08558068  -0.03253978  0.9927938  0.1108791  0.9121994  -0.217165  0.1190634  -0.3708748  0.2579111  0.8841708  0.6852015
-0.0698451  0.9166149  -0.1905989  0.07431825  0.08645076  -0.05313049  0.9920588  0.1040125  0.9226412  -0.2211154  0.1097109  -0.4037469  0.2609636  0.8699713  0.7054625
-0.0691753  0.9162919  -0.1898277  0.07440432  0.08912006  -0.06224705  0.9912856  0.1025181  0.9274374  -0.2204443  0.101254  -0.4108759  0.2694037  0.8650725  0.7337759
-0.06820961  0.9168064  -0.1892278  0.07402678  0.09302124  -0.0645029  0.9908112  0.09974623  0.9347292  -0.2195921  0.08845256  -0.4209138  0.2752968  0.8597788  0.7556022
-0.06692801  0.9176947  -0.1893063  0.0720966  0.09941709  -0.06245803  0.9904634  0.0974472  0.9432903  -0.2180856  0.08288988  -0.4278996  0.2621564  0.8609909  0.7801615
-0.06524777  0.9180132  -0.1901209  0.07113916  0.10865  -0.0616781  0.9896113  0.0948792  0.9510965  -0.2185171  0.07471412  -0.4430326  0.2515477  0.857242  0.8022555
-0.0633157  0.9173927  -0.1911286  0.07230865  0.1165511  -0.06980013  0.9880866  0.09237893  0.9592067  -0.2178522  0.06072348  -0.4519443  0.2484957  0.8545812  0.8307189
-0.06105404  0.9167979  -0.1928614  0.06979915  0.1260174  -0.08379919  0.986015  0.090187  0.9669139  -0.2157215  0.05214953  -0.4532027  0.2412792  0.8565466  0.8602027
-0.05904122  0.9159107  -0.1947229  0.07057139  0.1368282  -0.09037963  0.9839357  0.08774449  0.9751042  -0.2137915  0.04162998  -0.4557861  0.2316025  0.858421  0.8935221
-0.05689842  0.9148495  -0.1969087  0.07230394  0.1468549  -0.09467577  0.9819585  0.08567678  0.9829189  -0.2119205  0.03566246  -0.460841  0.2156068  0.8601556  0.9228345
-0.05461609  0.9141521  -0.1993451  0.07234263  0.1571043  -0.09937722  0.9799027  0.08362395  0.9896312  -0.2102192  0.02814925  -0.4643294  0.2077094  0.8605016  0.945314
-0.05232459  0.9135464  -0.2018696  0.07416928  0.168015  -0.1021714  0.9776663  0.0813841  0.9958217  -0.2070748  0.01879138  -0.4590941  0.2106697  0.862843  0.9741017
-0.05000287  0.9132766  -0.2046422  0.07438845  0.1780549  -0.1040259  0.9756749  0.07920165  1.001431  -0.2037113  0.01182986  -0.4528686  0.2106022  0.8662661  1.004033
-0.04792713  0.9132986  -0.2076243  0.07142291  0.1859131  -0.1067407  0.9741365  0.07769755  1.007016  -0.2000856  0.004141845  -0.4491977  0.2045286  0.8696968  1.034199
-0.04614183  0.9130217  -0.2104981  0.07146063  0.193938  -0.1073976  0.9724954  0.07652211  1.011753  -0.1966283  0.0004880077  -0.4463895  0.1970878  0.8728646  1.067637
-0.04449084  0.912754  -0.2134785  0.06964406  0.2007863  -0.1102591  0.9709159  0.07532468  1.016481  -0.1925923  -0.007895568  -0.4383155  0.1937411  0.8776569  1.096106
-0.04355644  0.9121014  -0.2159254  0.07076601  0.2070893  -0.1097783  0.9695644  0.07471514  1.020463  -0.1874727  -0.01418207  -0.427684  0.1889709  0.8838412  1.122097
-0.04336362  0.9107183  -0.2186792  0.07045374  0.2086839  -0.1145725  0.9686902  0.07564972  1.020126  -0.1801373  -0.01682225  -0.4066789  0.1877095  0.893921  1.153683
-0.04164789  0.9100707  -0.2219974  0.06976801  0.2186257  -0.1185264  0.9660678  0.07619584  1.022496  -0.1729911  -0.01896427  -0.3889897  0.1844487  0.9023893  1.181419
-0.04019482  0.9102741  -0.2251069  0.06764513  0.2274538  -0.1153396  0.964565  0.07735789  1.024488  -0.1649332  -0.01980651  -0.3614082  0.1765423  0.9153277  1.220053
-0.03977812  0.9111624  -0.2269049  0.06340364  0.2298633  -0.1094345  0.9649701  0.07857241  1.024937  -0.1590239  -0.01829527  -0.3377484  0.1679115  0.9259576  1.256459
-0.03853323  0.9133725  -0.2308627  0.05460585  0.2347206  -0.09693973  0.9656745  0.0824727  1.025019  -0.1458844  -0.01137523  -0.2913774  0.1496522  0.9447615  1.293557
-0.03823114  0.914548  -0.2324379  0.05174505  0.2350915  -0.08898862  0.966507  0.08555865  1.022852  -0.1390897  -0.001753701  -0.2535788  0.136083  0.9576933  1.32
-0.03777789  0.9182202  -0.2357519  0.03876777  0.2308234  -0.07363764  0.9694304  0.09526031  1.017504  -0.1248727  0.01370933  -0.193539  0.117171  0.9739743  1.341672
-0.0387333  0.9195471  -0.2352508  0.03524421  0.2218957  -0.06208637  0.9724534  0.09523118  1.011797  -0.1254814  0.01971742  -0.1906939  0.121475  0.9739051  1.369202
-0.04003771  0.9221864  -0.2352889  0.03019741  0.2117161  -0.03749137  0.9761451  0.09931851  1.003783  -0.1214193  0.03400691  -0.1618151  0.1180474  0.9791448  1.396214
-0.04165124  0.9243242  -0.2350276  0.02548686  0.199378  -0.01651768  0.979452  0.1036426  0.9954619  -0.1188636  0.05097884  -0.1347613  0.1149732  0.9828641  1.428662
-0.04355637  0.9269207  -0.2339099  0.01489304  0.1815231  -0.003807059  0.9832667  0.1072713  0.9875486  -0.1191744  0.06456197  -0.1265896  0.1078902  0.9839547  1.450695
-0.04611536  0.9286742  -0.2318526  0.009523299  0.1583451  0.01207217  0.9872642  0.1105839  0.9806218  -0.1196716  0.07544542  -0.1221732  0.09264321  0.9852915  1.475362
-0.04936508  0.9318729  -0.2306394  0.00296039  0.1428785  0.02778841  0.9893456  0.1160378  0.9723205  -0.1178788  0.08756322  -0.1058779  0.08349692  0.9869908  1.497536
-0.05394492  0.9327475  -0.2279199  0.0002275512  0.1125771  0.04550942  0.9926004  0.120128  0.9639195  -0.1187407  0.1096538  -0.09298343  0.06031742  0.9877713  1.52071
-0.05694052  0.9328384  -0.2258174  0.0009656073  0.09769706  0.05741712  0.9935583  0.1233769  0.9551165  -0.120882  0.1281941  -0.07459661  0.05635119  0.987333  1.55097
-0.06001662  0.9322665  -0.2228971  0.003756635  0.07812437  0.06954797  0.9945078  0.1233635  0.9477655  -0.1257212  0.1322799  -0.07680988  0.07123655  0.9856612  1.576602
-0.06346504  0.9309658  -0.2187808  0.006828139  0.04885224  0.07006826  0.996322  0.1233643  0.942339  -0.1302727  0.1356265  -0.08236428  0.0726195  0.9846564  1.602059
-0.06679002  0.9299283  -0.2154086  0.00391352  0.02300826  0.07125963  0.9971848  0.1243802  0.9381826  -0.1333881  0.1440058  -0.07911963  0.05946296  0.9846151  1.625049
-0.0693804  0.9292521  -0.2123288  0.001058755  -0.002731333  0.06471477  0.9978997  0.1257617  0.9345857  -0.1359091  0.1529874  -0.07024807  0.04729465  0.9845932  1.653184
-0.07152378  0.9276552  -0.209388  0.01971928  -0.008493356  0.07456905  0.9969848  0.126628  0.9337481  -0.1388733  0.1484668  -0.06753456  0.04400829  0.9856266  1.681508
-0.07339231  0.927192  -0.2067697  0.02775865  -0.02107286  0.08122889  0.9960861  0.1282758  0.934635  -0.1410367  0.1388974  -0.05903653  0.03647823  0.9878725  1.711115
-0.07573514  0.926531  -0.2042349  0.03616418  -0.04356908  0.08704367  0.9945942  0.1293255  0.9345696  -0.1430928  0.1427833  -0.05493589  0.02336107  0.9879522  1.743
-0.07590839  0.9263967  -0.2031823  0.04442533  -0.04261614  0.09311888  0.9937502  0.1299083  0.936219  -0.1453254  0.1355432  -0.05499995  0.02243508  0.9889893  1.766787
-0.07513224  0.9270116  -0.2029302  0.04550066  -0.03430952  0.09659662  0.9936911  0.1308012  0.9370461  -0.146695  0.1339315  -0.05663626  0.02304944  0.9891025  1.791483
-0.07515205  0.9271897  -0.2020433  0.04966211  -0.03238632  0.09916361  0.9933035  0.1325056  0.937879  -0.1474993  0.1287556  -0.05136894  0.03081971  0.9898655  1.81861
-0.07577393  0.9271358  -0.2012601  0.05609596  -0.03726177  0.09425089  0.9932682  0.1348251  0.938145  -0.147631  0.1302613  -0.04320852  0.0350492  0.9899175  1.849928
-0.0762914  0.9277695  -0.2010298  0.05684224  -0.03987496  0.08234485  0.9941824  0.1358361  0.9392559  -0.1483059  0.1278754  -0.0444291  0.0466871  0.9896941  1.881016
-0.07741763  0.9290217  -0.200955  0.05711025  -0.03666594  0.07448247  0.9949103  0.1372392  0.9406306  -0.1490227  0.1241615  -0.04249598  0.06232478  0.9893907  1.905102
-0.08076548  0.9304676  -0.200667  0.06250028  -0.03542227  0.08177725  0.9940581  0.1393152  0.942932  -0.1494502  0.1193149  -0.04185638  0.07207952  0.9893517  1.930851
-0.08649514  0.9327847  -0.2004816  0.06112866  -0.04484037  0.09706008  0.9923871  0.1438298  0.9465281  -0.1492789  0.1146775  -0.03159106  0.07090279  0.9903657  1.958869
-0.09177846  0.9344866  -0.2004695  0.06275801  -0.05563898  0.1054968  0.9908765  0.1495287  0.950031  -0.149003  0.1178321  -0.02285853  0.05570926  0.9912062  1.986925
-0.09628754  0.9367954  -0.2009994  0.05313187  -0.05985242  0.1072441  0.9910064  0.1551775  0.9539825  -0.1488526  0.1146145  -0.01432433  0.04627984  0.9922282  2.018751
-0.1012299  0.9391509  -0.2010834  0.04692638  -0.06995206  0.101442  0.9912691  0.1611252  0.9573443  -0.1490678  0.1109155  -0.005322369  0.03827043  0.9930785  2.047556
-0.1077614  0.9411014  -0.2011244  0.04278879  -0.08958729  0.1083437  0.9891437  0.1682203  0.9605081  -0.1489561  0.1062484  0.01034388  0.03262977  0.9937503  2.077432
-0.1137656  0.9424319  -0.2010417  0.04350927  -0.1084726  0.1145216  0.9865219  0.1754091  0.9634916  -0.1489445  0.1010293  0.02788819  0.03677611  0.9938123  2.100503
-0.1189539  0.9445819  -0.201438  0.0412506  -0.1190424  0.113169  0.9855558  0.1827048  0.9665902  -0.1492517  0.09313249  0.04285414  0.04089138  0.9938903  2.130516
-0.1240596  0.9475511  -0.2022557  0.03171093  -0.1258536  0.1114557  0.9852578  0.1910892  0.9694931  -0.1496229  0.08980099  0.05510518  0.03628443  0.993772  2.159495
-0.1307496  0.9501107  -0.2028437  0.02513736  -0.141979  0.1178005  0.9825137  0.2004271  0.9731446  -0.1500779  0.08220434  0.07240128  0.02865451  0.9935691  2.188546
-0.1377923  0.952267  -0.2036627  0.02261446  -0.1628762  0.126897  0.9781908  0.2110267  0.9767554  -0.1507421  0.07602917  0.08989733  0.0191038  0.9928612  2.219077
-0.1438046  0.9547635  -0.2046883  0.01673283  -0.1793516  0.1257334  0.9755738  0.2211023  0.9792913  -0.1516072  0.07377689  0.1048492  0.009153378  0.9917056  2.248786
-0.1495097  0.9567873  -0.205785  0.01055039  -0.1956059  0.1205675  0.973186  0.2307084  0.9818092  -0.1528803  0.06890366  0.1183429  0.01196377  0.9905071  2.269781
-0.1562276  0.9580444  -0.2070908  0.008986793  -0.2160687  0.1198766  0.9689497  0.2405392  0.9839414  -0.1544675  0.06257924  0.1333584  0.02189315  0.988848  2.293271
-0.1621657  0.9587246  -0.2084107  0.006720013  -0.2355593  0.1201452  0.9643816  0.2502466  0.9853176  -0.1558432  0.0581819  0.146739  0.02974209  0.9870148  2.322376
-0.1668206  0.9591529  -0.2095717  0.002304455  -0.2459911  0.1130487  0.9626542  0.2597483  0.9856096  -0.1570041  0.06089485  0.1572261  0.02777552  0.9852921  2.348222
-0.171642  0.9583801  -0.2104439  0.0003609201  -0.2581587  0.1035299  0.9605393  0.2689394  0.9858975  -0.1584286  0.06183162  0.1673571  0.02818278  0.9835519  2.379347
-0.176576  0.9562505  -0.2112826  0.003763674  -0.2724893  0.09146667  0.9577942  0.2776427  0.9857761  -0.1599049  0.06259214  0.1778995  0.03496337  0.9814336  2.407018
-0.181406  0.953252  -0.2117569  0.008678772  -0.2864462  0.0804126  0.9546766  0.2859178  0.9853207  -0.1614203  0.06382446  0.1887417  0.04282234  0.9790146  2.431696
-0.1843018  0.9512441  -0.2127015  0.012394  -0.2951137  0.06372106  0.9532546  0.2934718  0.9849568  -0.1631484  0.06588153  0.1976216  0.04222118  0.9771505  2.463422
-0.1872979  0.9487848  -0.2131126  0.01668091  -0.2957009  0.058764  0.9533256  0.3002901  0.9845184  -0.165032  0.06818376  0.2033628  0.0379474  0.9759891  2.488134
-0.1908333  0.9460239  -0.2139559  0.02532283  -0.30075  0.06381892  0.9512284  0.3059325  0.9835902  -0.166787  0.06982385  0.2090168  0.03960886  0.9746117  2.519473
-0.1947829  0.9436133  -0.2150183  0.03429795  -0.3072385  0.07770022  0.9478348  0.3104976  0.9823447  -0.1682472  0.07062239  0.2147237  0.05029817  0.9728189  2.542733
-0.1957317  0.9426212  -0.2153119  0.0386042  -0.3137876  0.06912902  0.9461862  0.3126465  0.9806695  -0.1692202  0.07374097  0.2176796  0.05583885  0.9716275  2.571956
-0.1942373  0.9432151  -0.2149056  0.03730509  -0.3113799  0.05952415  0.9476857  0.311136  0.9805684  -0.1689876  0.07411262  0.2148963  0.05339714  0.9723558  2.59028
-0.1940943  0.942484  -0.2149225  0.03798903  -0.3085299  0.04022995  0.9496042  0.3123862  0.9799215  -0.1699905  0.07507755  0.2134593  0.05263185  0.97264  2.612419
-0.1944131  0.9418842  -0.2150989  0.03954468  -0.3071982  0.03281918  0.9502571  0.3130691  0.9795671  -0.1706291  0.07531288  0.2120378  0.05482255  0.9728117  2.631223
-0.1943247  0.9409125  -0.2150283  0.042377  -0.3040314  0.02872852  0.9512854  0.3133332  0.9792185  -0.1711887  0.07541639  0.210713  0.0573331  0.9729468  2.657177
-0.1931467  0.9390675  -0.2143284  0.05094326  -0.2963249  0.01845132  0.9535492  0.3126301  0.9784818  -0.1715492  0.07695184  0.2080667  0.06040049  0.9732105  2.678661
-0.1914949  0.9368758  -0.213577  0.06206663  -0.2886265  0.001371394  0.9554271  0.3119525  0.9779028  -0.1717594  0.07772403  0.2062556  0.064265  0.9732872  2.704836
-0.1866605  0.9309192  -0.211608  0.09126659  -0.2636884  -0.04566284  0.9591943  0.3107817  0.9764472  -0.1727566  0.07957111  0.2019543  0.06918292  0.9737025  2.728127
-0.1832678  0.9282588  -0.2113414  0.100064  -0.2457804  -0.06979069  0.9616178  0.3083875  0.9757006  -0.1729586  0.08077483  0.1960981  0.06967204  0.9747651  2.750846
-0.1759137  0.9207244  -0.2089499  0.1226337  -0.219398  -0.1142898  0.9611262  0.3058338  0.9739039  -0.1737347  0.08308285  0.1898531  0.07428904  0.9754663  2.770111
-0.1719866  0.9199229  -0.2101126  0.1178929  -0.2021481  -0.1063526  0.9663987  0.3009132  0.973683  -0.1733111  0.08170496  0.1821579  0.0785706  0.9767137  2.794241
-0.1677929  0.9197448  -0.2110144  0.1124707  -0.1883237  -0.08765038  0.9717006  0.295411  0.97317  -0.1730385  0.08050668  0.1724171  0.08308015  0.978207  2.817593
-0.1631926  0.9206282  -0.2124746  0.1014456  -0.1813065  -0.08058937  0.9748551  0.2898205  0.9725527  -0.1725346  0.0797033  0.1622081  0.08418551  0.979923  2.851748
-0.1572874  0.9206656  -0.213345  0.09638602  -0.1668897  -0.0834704  0.9776966  0.2836367  0.9716634  -0.1717501  0.07933163  0.1520398  0.08189546  0.9817758  2.880283
-0.1506709  0.9206644  -0.2139879  0.0920945  -0.1454259  -0.08095168  0.9817417  0.2764038  0.9709647  -0.1713108  0.07744596  0.1390694  0.0862928  0.9834712  2.910806
-0.1436615  0.92129  -0.2150006  0.08480766  -0.1190078  -0.07624881  0.986322  0.2688693  0.9702674  -0.1708856  0.07498004  0.1244011  0.09088112  0.9852123  2.936874
-0.1374795  0.9218644  -0.216099  0.07773978  -0.09733056  -0.07223999  0.9895782  0.2611953  0.9692691  -0.1703433  0.07381257  0.1125259  0.09384738  0.9864495  2.957628
-0.1312699  0.922562  -0.2171068  0.07138136  -0.08014199  -0.07509211  0.9913846  0.253106  0.9681157  -0.1699106  0.07441129  0.09892495  0.09747181  0.9875101  2.98483
-0.1255896  0.922723  -0.2180008  0.06880473  -0.06077012  -0.07386812  0.9930341  0.2454043  0.9670911  -0.1693875  0.07300138  0.08600595  0.1019667  0.9883708  3.015386
-0.1202051  0.9234087  -0.2189429  0.06512474  -0.04051547  -0.06754645  0.9947637  0.2383442  0.96614  -0.1687541  0.07157475  0.0739679  0.1039183  0.9892457  3.045011
-0.1159139  0.9246634  -0.2195775  0.06396742  -0.02650825  -0.0508028  0.9963056  0.2311451  0.965049  -0.168462  0.07082511  0.06382392  0.103836  0.9900145  3.077047
-0.1121092  0.9260843  -0.220217  0.0600374  -0.01728936  -0.03661206  0.9973747  0.2234425  0.9637793  -0.1682467  0.06927156  0.04975268  0.1054422  0.9907615  3.103952
-0.1078637  0.9275932  -0.221055  0.04872258  0.0007499233  -0.02824065  0.998413  0.2154752  0.9623948  -0.1680975  0.06686118  0.03371739  0.1121751  0.990863  3.124437
-0.1042955  0.928407  -0.2216609  0.05211622  0.002412288  -0.02624708  0.9982932  0.2088595  0.9608109  -0.167649  0.06692429  0.02344462  0.1155157  0.9907714  3.157108
-0.1010379  0.9280552  -0.2213867  0.05222538  0.01045768  -0.02691734  0.9982177  0.2032251  0.9592443  -0.1669414  0.06844367  0.01848542  0.1128476  0.9910799  3.17956
-0.09780874  0.9278734  -0.2212627  0.05196878  0.01464841  -0.03299899  0.9979961  0.1967825  0.9574487  -0.1664666  0.07020499  0.009787735  0.1111179  0.9912763  3.210268
-0.09438824  0.9277383  -0.2212529  0.05212437  0.02187664  -0.03990694  0.9976032  0.1900327  0.9560787  -0.1662772  0.0685906  -0.001247017  0.1180397  0.9906363  3.236883
-0.09198796  0.9280729  -0.222201  0.04519438  0.02544441  -0.04642194  0.9975747  0.1845567  0.9550713  -0.1660027  0.06799089  -0.007415436  0.1225784  0.9900994  3.264008
-0.08989397  0.927477  -0.2207131  0.05219081  0.03304445  -0.04140881  0.9972311  0.1797133  0.9545788  -0.1654031  0.06868941  -0.01078978  0.1229005  0.9899803  3.293432
-0.08685201  0.9285111  -0.2218312  0.04418949  0.04117031  -0.04222059  0.9972813  0.175213  0.9544663  -0.1648601  0.06852999  -0.01605877  0.1168968  0.9906468  3.32548
-0.08388948  0.9290264  -0.2226195  0.03971197  0.05359284  -0.04509886  0.9967533  0.1704146  0.9541714  -0.1645151  0.06719288  -0.02265738  0.1123527  0.9911351  3.350766
-0.08201408  0.9289895  -0.2227333  0.04096701  0.06269004  -0.04099058  0.9963492  0.1656891  0.9534087  -0.1639319  0.06614386  -0.02858714  0.11759  0.9904447  3.386779
-0.08184665  0.9306306  -0.2249896  0.02031854  0.05961738  -0.04560261  0.9969723  0.1633556  0.9531437  -0.1629102  0.06697025  -0.03009123  0.1167591  0.9904428  3.424917
-0.07965053  0.9305395  -0.2230575  0.02732222  0.07948279  -0.0409015  0.9956221  0.1595306  0.9525843  -0.1621121  0.06616393  -0.03532123  0.1152789  0.9904976  3.445574
-0.07632207  0.9314693  -0.2236509  0.02459609  0.08923192  -0.04037261  0.9948884  0.1546868  0.9519924  -0.1613708  0.06590417  -0.04060347  0.11462  0.990389  3.46795
-0.07544778  0.9329783  -0.2243898  0.01899278  0.08750787  -0.03708362  0.9952922  0.1509999  0.9516007  -0.1608884  0.0639587  -0.0479614  0.1174234  0.989859  3.489596
-0.0737716  0.9337243  -0.2239197  0.01785668  0.09037238  -0.03725052  0.9950511  0.1479748  0.9515675  -0.1603434  0.0621839  -0.05139171  0.1223773  0.9891998  3.524778
-0.07176497  0.9348249  -0.2237922  0.0135005  0.09588995  -0.04143966  0.9944375  0.1456206  0.9517318  -0.1587064  0.0623312  -0.05332582  0.1213608  0.9892133  3.548826
-0.06996156  0.9360554  -0.2237817  0.008759318  0.1021742  -0.04324118  0.9937877  0.1436465  0.9518894  -0.1571323  0.06277253  -0.05620585  0.115765  0.9896964  3.574203
-0.0684349  0.936704  -0.2232452  0.007225415  0.1084841  -0.04221984  0.9931751  0.1418651  0.9523379  -0.1553049  0.06483982  -0.06040963  0.1096555  0.9900113  3.594545
-0.06706079  0.9370832  -0.22257  0.01028047  0.1126231  -0.04165298  0.9927112  0.1403103  0.9529111  -0.1531734  0.06562658  -0.0633498  0.1086853  0.9898826  3.621636
-0.06571057  0.9372854  -0.2219486  0.009547012  0.1146996  -0.04585303  0.9922956  0.1394911  0.9533735  -0.150486  0.06684888  -0.06248275  0.1108944  0.9896109  3.64848
-0.0644678  0.9374427  -0.2214205  0.008864785  0.1169051  -0.05011068  0.9918386  0.1382705  0.9546522  -0.1485181  0.06566888  -0.06058329  0.1191599  0.9888471  3.680307
-0.06366289  0.9379461  -0.2211244  0.007042311  0.11805  -0.05382955  0.9915226  0.1364062  0.9573738  -0.1472576  0.0595707  -0.0649162  0.1250701  0.9882281  3.711092
-0.06313127  0.9382742  -0.2208879  0.006399472  0.1198812  -0.05206845  0.9914013  0.1348332  0.9597099  -0.1462543  0.05745335  -0.06986468  0.1226574  0.9883184  3.739106
-0.06237211  0.9390085  -0.2212618  0.003008562  0.1238961  -0.05126374  0.9909657  0.1331722  0.9619863  -0.1454707  0.05336269  -0.07233469  0.1261627  0.9879287  3.760394
-0.06306947  0.9388828  -0.2216492  0.001976202  0.1253998  -0.04862856  0.990912  0.1339459  0.9619704  -0.1459205  0.05288149  -0.07022721  0.127155  0.9879794  3.778369
-0.06268623  0.9389797  -0.2216137  0.002351646  0.1290319  -0.04587783  0.9905759  0.1333014  0.962957  -0.1455326  0.05127496  -0.07105229  0.1274136  0.9879718  3.801515
-0.06211052  0.9387223  -0.2215527  0.00376166  0.1329892  -0.04452542  0.9901098  0.1325577  0.9640067  -0.1449978  0.05050336  -0.07281744  0.1270286  0.9879327  3.821058
-0.06201389  0.9385195  -0.221479  0.004438185  0.1346352  -0.04603255  0.9898157  0.1323891  0.964226  -0.1447839  0.05020948  -0.0730483  0.1270775  0.9879243  3.845752
-0.06031974  0.9384185  -0.2213602  0.005805835  0.1427434  -0.04923523  0.9885175  0.1303403  0.9664603  -0.1432208  0.04758596  -0.0751009  0.1289873  0.9876528  3.868973
-0.06050558  0.9382415  -0.2206311  0.00635759  0.1432324  -0.05199742  0.9883018  0.130131  0.9665792  -0.1431497  0.04738004  -0.07554115  0.130053  0.9874893  3.895382
-0.05914012  0.9384342  -0.2206702  -0.001220619  0.1527609  -0.05687093  0.986625  0.1281316  0.9683813  -0.1415903  0.04618286  -0.07772566  0.132434  0.98706  3.914511
-0.05859161  0.9392396  -0.2191112  0.003198951  0.1531758  -0.06415055  0.9861094  0.1270826  0.9690635  -0.1409127  0.04451108  -0.07954455  0.1344338  0.9867215  3.937181
-0.05631196  0.9394141  -0.2180437  0.002529921  0.1605679  -0.07219557  0.9843777  0.124378  0.971258  -0.1390978  0.04175734  -0.08276461  0.1378213  0.9861094  3.955791
-0.05690988  0.9423152  -0.2151425  -0.00244925  0.1596621  -0.06388306  0.9850996  0.1233114  0.9721622  -0.1387168  0.04021228  -0.08509389  0.1374558  0.9860264  3.979174
-0.05669072  0.9458664  -0.2123564  -0.004872982  0.1601795  -0.05519078  0.9855319  0.1219554  0.9733226  -0.1379713  0.03857182  -0.08673682  0.1378372  0.9858956  4.004465
-0.05534943  0.9502571  -0.2101955  -0.01328681  0.1611212  -0.05833707  0.9851195  0.120799  0.9744241  -0.1372079  0.03733511  -0.08777942  0.1371312  0.9859494  4.035677
-0.05292969  0.9554562  -0.2087161  -0.02720659  0.1658525  -0.06240818  0.9837979  0.1196867  0.9755573  -0.1366248  0.03645055  -0.08827583  0.1365151  0.9860235  4.064143
-0.04984035  0.9612595  -0.20726  -0.03556993  0.1758661  -0.05961636  0.9819633  0.1185095  0.9763451  -0.1359715  0.03574444  -0.08905573  0.1355688  0.9861099  4.088532
-0.04630429  0.9677218  -0.2057605  -0.04458136  0.1872918  -0.05533014  0.9797311  0.1168787  0.9768735  -0.135636  0.03523114  -0.09076069  0.137297  0.9857337  4.115878
-0.04277321  0.9745204  -0.204302  -0.05256589  0.1990835  -0.0484307  0.9773726  0.1151787  0.977283  -0.1354793  0.03580351  -0.09397583  0.1380005  0.9853136  4.148027
-0.03826141  0.9823515  -0.2036221  -0.06620555  0.2130058  -0.04956929  0.9735443  0.1134762  0.9772512  -0.1352241  0.03580266  -0.09671989  0.1385959  0.9849645  4.178632
-0.03420865  0.9906223  -0.2025838  -0.07859941  0.2232679  -0.05404377  0.9700789  0.1115368  0.9771938  -0.1352451  0.03559413  -0.09975402  0.1423457  0.9841342  4.208401
-0.03098134  1.000235  -0.2010224  -0.08816556  0.2328209  -0.04715974  0.9673663  0.109643  0.9777037  -0.1357645  0.03393509  -0.1038616  0.1445745  0.9834428  4.238299
-0.02869571  1.009898  -0.1990366  -0.0995741  0.2378712  -0.03976519  0.9653606  0.10809  0.9784328  -0.1360949  0.0337059  -0.1072196  0.1427413  0.983358  4.263932
-0.0272783  1.020055  -0.1962962  -0.1124062  0.2360278  -0.03738654  0.9644989  0.1063588  0.9794085  -0.1367529  0.03164245  -0.1104043  0.1432027  0.9830069  4.28722
-0.02647013  1.030384  -0.1929474  -0.1247963  0.2315334  -0.0367481  0.9640892  0.1046093  0.9801252  -0.1374623  0.03071452  -0.1145816  0.1457484  0.982184  4.317442
-0.02659268  1.041485  -0.1890751  -0.1371406  0.2256395  -0.03324968  0.9639367  0.1030503  0.9811  -0.1383674  0.0284926  -0.1186675  0.1468507  0.9816015  4.349399
-0.02775642  1.052673  -0.1848141  -0.1457156  0.2158832  -0.02179556  0.9652392  0.1018673  0.9822128  -0.1391142  0.02572153  -0.1210035  0.1469545  0.9813772  4.375467
-0.02896342  1.063621  -0.1809039  -0.1556804  0.2064648  -0.008869212  0.9659491  0.1011103  0.983342  -0.1398627  0.02518584  -0.1216547  0.1448417  0.9816246  4.404943
-0.03019678  1.073168  -0.176585  -0.1600317  0.1986895  0.006069269  0.9668898  0.1003796  0.9843842  -0.1405845  0.02381388  -0.1227965  0.1442037  0.9816107  4.426477
-0.03087466  1.080256  -0.1716529  -0.1595944  0.1882593  0.01132418  0.9689994  0.09975869  0.985715  -0.1417242  0.02257458  -0.1244486  0.142655  0.981658  4.45207
-0.03114363  1.084023  -0.1644828  -0.1495553  0.1699823  0.001744804  0.974031  0.09882434  0.9871445  -0.1431029  0.01991622  -0.1279234  0.1412511  0.9814719  4.484491
-0.03161613  1.085019  -0.1559232  -0.1373625  0.1421805  -0.02274013  0.9799996  0.09778977  0.988623  -0.1445242  0.01672377  -0.1315321  0.142652  0.9808518  4.507863
-0.03275437  1.084256  -0.14661  -0.1240292  0.1069861  -0.0581931  0.9847764  0.09710002  0.9904257  -0.1459557  0.01487552  -0.1359753  0.141312  0.9804696  4.535413
-0.03385343  1.080757  -0.1380151  -0.1114118  0.08362534  -0.08792961  0.9863381  0.09639781  0.9924551  -0.1472541  0.0125205  -0.1405684  0.1387472  0.9802209  4.566828
-0.03558321  1.074691  -0.1285321  -0.08616633  0.07376795  -0.1005268  0.9884474  0.09596248  0.9946289  -0.1484885  0.01105449  -0.1441507  0.1349254  0.9802519  4.593884
-0.03859404  1.068342  -0.1199483  -0.05882867  0.07039097  -0.08455442  0.992187  0.09557814  0.9969743  -0.1498339  0.008063367  -0.1482701  0.1306802  0.9802417  4.628903
-0.04156702  1.057442  -0.1107491  -0.02057288  0.06749685  -0.07083763  0.9949892  0.09531657  0.999121  -0.1506433  0.00585699  -0.1499021  0.1286746  0.9802746  4.653172
-0.04157188  1.047328  -0.1069761  0.0145586  0.05845029  -0.09905302  0.9932573  0.09554602  0.9999417  -0.1506281  0.004271665  -0.1489314  0.1296363  0.9803039  4.679407
-0.0390935  1.043686  -0.1082194  0.02754447  0.05354727  -0.135188  0.9889886  0.09591378  0.9999837  -0.1503701  0.003921943  -0.1480292  0.1295688  0.9804509  4.70212
-0.03816313  1.039509  -0.1081443  0.03623211  0.05507895  -0.1645646  0.9841606  0.09605801  1.000589  -0.1503074  0.003757528  -0.1484223  0.127737  0.9806325  4.729933
-0.04138268  1.02369  -0.103367  0.06486662  0.04662968  -0.2059472  0.9752969  0.09573456  1.003018  -0.150798  0.002085387  -0.1500784  0.123955  0.9808707  4.746575
-0.04498187  1.008903  -0.1017811  0.08435686  0.0402194  -0.2206765  0.9708597  0.09582344  1.005704  -0.1508195  0.00021858  -0.1498333  0.1189449  0.9815307  4.768682
-0.04396067  1.013778  -0.1041095  0.079103  0.04560603  -0.1962149  0.9763007  0.09599844  1.005097  -0.150638  0.0006677236  -0.1493161  0.1199674  0.9814847  4.788782
-0.04633982  1.000383  -0.1068941  0.1049398  0.05587427  -0.1736654  0.9776022  0.09614015  1.007651  -0.1505092  -0.002124916  -0.1503337  0.1179836  0.9815678  4.811903
-0.04807309  0.9893925  -0.1075121  0.1233123  0.05765613  -0.1709242  0.9758355  0.09612451  1.00957  -0.1505459  -0.003796198  -0.1509388  0.1159611  0.981711  4.832329
-0.04574793  0.9843073  -0.1151755  0.1232573  0.07993359  -0.1579006  0.9764661  0.09651067  1.01035  -0.1497968  -0.005233798  -0.149692  0.1182947  0.9816168  4.862776
-0.04329047  0.9797548  -0.1215502  0.1181873  0.09669035  -0.1560672  0.9758719  0.0967316  1.009826  -0.1487754  -0.002744593  -0.1500693  0.1198192  0.9813843  4.888208
-0.04129656  0.9760375  -0.1272931  0.1183155  0.1066552  -0.1439413  0.9766818  0.09689248  1.009181  -0.1474141  -0.000874558  -0.1503427  0.1210925  0.9811897  4.911002
-0.03858326  0.9725697  -0.1327512  0.117057  0.1218796  -0.1341256  0.9764494  0.09703261  1.008422  -0.1450248  0.001393792  -0.1502358  0.1231588  0.9809482  4.931319
-0.03462736  0.9708064  -0.1394738  0.09836745  0.1442725  -0.1410584  0.9744804  0.09687052  1.007147  -0.1425033  0.003129969  -0.1506787  0.1254504  0.9805858  4.961781
-0.03149859  0.9696717  -0.1449035  0.08615128  0.1691189  -0.1368821  0.9722347  0.09640145  1.005773  -0.1408286  0.004759599  -0.1511858  0.1274957  0.9802373  4.993551
-0.03429409  0.9750993  -0.1466183  0.05836145  0.1670252  -0.08439712  0.9805987  0.09566659  1.004378  -0.1393865  0.00800207  -0.1515857  0.1243876  0.9805539  5.035812
-0.03337827  0.9753876  -0.1492082  0.05383289  0.1762257  -0.05150063  0.9815266  0.09480004  1.00302  -0.138081  0.01115308  -0.1529484  0.1228476  0.9805056  5.063545
-0.03344675  0.9764861  -0.1503507  0.03929304  0.1754002  -0.04362702  0.9827452  0.09402128  1.001974  -0.1369809  0.01234803  -0.1536295  0.1233863  0.9803171  5.088648
-0.03188287  0.9782925  -0.15314  0.02802288  0.1813044  -0.02518277  0.9827052  0.09332517  1.000666  -0.1357875  0.01422709  -0.1543662  0.1231462  0.9802061  5.110484
-0.03557739  0.979467  -0.1502779  0.0192655  0.1575474  -0.007258785  0.9872969  0.09307652  1.000036  -0.1341864  0.01511489  -0.1535793  0.1226829  0.9803745  5.132081
-0.04008032  0.979045  -0.1456005  0.02402596  0.1333103  0.01772364  0.9906246  0.09406246  0.9995053  -0.1314023  0.01639384  -0.1496545  0.1174535  0.9816005  5.156917
-0.04605555  0.9776967  -0.1390395  0.02963206  0.1060083  0.02744847  0.9935445  0.0963344  0.9984516  -0.1268562  0.01866166  -0.1412871  0.116135  0.9829559  5.186465
-0.05257396  0.9764047  -0.1314161  0.03064338  0.07687195  0.02028615  0.9963635  0.09930211  0.9967442  -0.1212317  0.02223403  -0.1330089  0.1158182  0.9840735  5.2175
-0.06161102  0.9747171  -0.1214696  0.03908819  0.03489735  0.01126418  0.9985628  0.1040261  0.995003  -0.113861  0.02878933  -0.1214006  0.1114807  0.9859033  5.246063
-0.07244196  0.973199  -0.1122821  0.05606976  -0.01701658  0.004627982  0.9982712  0.1097728  0.9940192  -0.1066219  0.0353111  -0.105432  0.1059057  0.9881404  5.273682
-0.08298742  0.9726224  -0.1050646  0.07380252  -0.05584496  0.01307813  0.9956223  0.1157621  0.9938154  -0.1001784  0.0378719  -0.08888023  0.105656  0.9896985  5.303088
-0.09380912  0.9740361  -0.09999956  0.08262254  -0.09082818  0.03073537  0.9919574  0.1218026  0.9939827  -0.0942802  0.03758509  -0.07462716  0.106282  0.9908191  5.333981
-0.1019834  0.9778146  -0.0971449  0.07321827  -0.1097259  0.04330805  0.9903151  0.1292747  0.9937763  -0.08858347  0.04179394  -0.05819543  0.1016049  0.9922416  5.360906
-0.1104486  0.980527  -0.09487754  0.06522445  -0.1322072  0.06189251  0.9871356  0.1366372  0.9944521  -0.08399573  0.04258474  -0.04185901  0.09963718  0.9932306  5.383266
-0.1195577  0.9807714  -0.0934667  0.07010204  -0.1548635  0.09144966  0.9811932  0.1466302  0.9955029  -0.07933836  0.04334098  -0.01717904  0.09426107  0.9944553  5.415129
-0.1270134  0.9793687  -0.09247644  0.07893363  -0.1755025  0.1001162  0.9761891  0.1577548  0.9967586  -0.07512274  0.04491269  0.005355101  0.08538061  0.9953212  5.434012
-0.1361016  0.9786227  -0.09278145  0.08031693  -0.207747  0.09833589  0.9699075  0.1703182  0.9972885  -0.07113469  0.05159307  0.03506195  0.0683704  0.995708  5.468247
-0.1448587  0.977572  -0.09481785  0.07829737  -0.242996  0.09826064  0.9618562  0.1809495  0.9976985  -0.06912759  0.05422014  0.05445989  0.05736483  0.9953912  5.494464
-0.1513118  0.9763788  -0.09678952  0.07714462  -0.258651  0.1108522  0.9564833  0.1920638  0.9986973  -0.06811716  0.05309482  0.07145766  0.05064401  0.9947413  5.521173
-0.1561141  0.976409  -0.09915975  0.06840757  -0.2568152  0.1312141  0.9550651  0.2041572  0.9992691  -0.06732407  0.05394102  0.09372314  0.03500393  0.9935196  5.550535
-0.1616476  0.9778869  -0.1025697  0.05090661  -0.2633575  0.1415374  0.9529002  0.2157378  0.9997845  -0.06710167  0.05545943  0.1119406  0.01855674  0.9919927  5.570557
-0.1676383  0.9776615  -0.1062801  0.03997281  -0.2783267  0.1492445  0.9479781  0.2280509  1.00027  -0.06758893  0.05360778  0.1328021  0.003150495  0.9896867  5.603156
-0.1733245  0.9763827  -0.1092364  0.03532305  -0.2872547  0.1619464  0.9434037  0.2403636  1.000398  -0.0686484  0.05444082  0.1515089  -0.008119577  0.9869222  5.633525
-0.179092  0.9747446  -0.1124188  0.03137729  -0.2943149  0.1773313  0.9385883  0.2523701  1.000678  -0.07033202  0.05393434  0.1723066  -0.0213632  0.9833338  5.65448
-0.1871286  0.9736826  -0.11708  0.01782702  -0.3161379  0.1987882  0.9274819  0.2621193  1.000277  -0.07233146  0.05473371  0.1849066  -0.03373806  0.9806508  5.682565
-0.1932296  0.9716754  -0.1213272  0.008721626  -0.3389498  0.2070056  0.9177068  0.2703726  0.9998018  -0.07431415  0.05355563  0.1966341  -0.03549061  0.9783698  5.71454
-0.1959495  0.9683273  -0.1233003  0.01572308  -0.3415311  0.2053589  0.9170262  0.2777107  0.9995242  -0.07695867  0.05034539  0.2085886  -0.03238846  0.9761696  5.738189
-0.1940078  0.9674677  -0.1225257  0.02093599  -0.3352509  0.2047174  0.9193801  0.2759685  0.9992396  -0.07733166  0.05102718  0.2070325  -0.03282757  0.9764509  5.755099
-0.1946107  0.9644861  -0.1241197  0.02854419  -0.3328978  0.218086  0.9169531  0.2786066  0.998266  -0.07899478  0.05333738  0.2097715  -0.03801598  0.9755542  5.783816
-0.1949133  0.9633879  -0.1250942  0.03129733  -0.3345136  0.2190369  0.9160482  0.2803072  0.9980211  -0.08032316  0.05298791  0.211053  -0.0377156  0.9753087  5.803771
-0.1979332  0.9603752  -0.1280272  0.03486463  -0.3400946  0.2227575  0.9129618  0.2876895  0.9971325  -0.08286355  0.05303006  0.2196908  -0.04143929  0.9732454  5.82914
-0.2003018  0.9580224  -0.1309888  0.03753538  -0.3478923  0.2190906  0.9108027  0.2942305  0.9960172  -0.08490871  0.05469813  0.2309817  -0.04780701  0.9702424  5.852414
-0.2022455  0.9566362  -0.1341439  0.03356415  -0.3573194  0.215299  0.9082086  0.2991363  0.9949859  -0.0869315  0.0565328  0.2401567  -0.05357365  0.9676047  5.878146
-0.2046258  0.9548614  -0.1375129  0.02992415  -0.3657511  0.215723  0.9048727  0.3040643  0.9942708  -0.08953957  0.05397309  0.246609  -0.05496456  0.9660487  5.898843
-0.2073386  0.9525102  -0.1416413  0.02656785  -0.3742714  0.2180954  0.900916  0.309114  0.994514  -0.09330471  0.04326172  0.2505488  -0.05271594  0.9656993  5.921463
-0.2073384  0.9525104  -0.1416412  0.02656791  -0.3742711  0.2180954  0.9009161  0.3091139  0.994514  -0.0933046  0.04326185  0.2505484  -0.05271586  0.9656993  5.938614
-0.2046425  0.9499781  -0.1467274  0.0198638  -0.3611159  0.1956845  0.9115419  0.3180279  0.9948575  -0.1001159  0.02595067  0.2560505  -0.05716265  0.9646229  5.960173
-0.2040442  0.9492964  -0.1468379  0.01262771  -0.3510256  0.2330627  0.9068096  0.3168679  0.9924673  -0.1004052  0.0381696  0.2596096  -0.05139404  0.9635895  5.992335

