-0.1025078  0.88559  -0.1347415  0.07897405  -0.0319286  -0.03506576  0.9957481  0.2104379  0.9030257  -0.1782342  -0.0209564  0.1415138  0.2487715  0.9579393  0.0157245
-0.1030963  0.8856472  -0.1347394  0.07914209  -0.03279332  -0.0351076  0.9957051  0.2109266  0.9034191  -0.1781128  -0.02146808  0.144556  0.2565368  0.9554223  0.0255624
-0.1034564  0.8856364  -0.1348196  0.07943285  -0.03280769  -0.03541542  0.9956706  0.2113809  0.9038208  -0.1782085  -0.02311525  0.147199  0.2664351  0.952266  0.0422432
-0.1037223  0.8855901  -0.1349003  0.07985716  -0.03203019  -0.03554642  0.9956573  0.2121168  0.904058  -0.1781282  -0.02463339  0.1502438  0.2801736  0.9477989  0.0551338
-0.1041839  0.8855964  -0.13495  0.08026181  -0.03115713  -0.03627717  0.9956261  0.2130477  0.904236  -0.1778283  -0.02547116  0.1554263  0.2977895  0.9415494  0.0701933
-0.1047922  0.885625  -0.1349927  0.08047792  -0.03052104  -0.03724682  0.9955926  0.2141687  0.9042697  -0.1774202  -0.02573619  0.1620846  0.3184007  0.9336421  0.0817995
-0.1055028  0.8857254  -0.1350588  0.08038385  -0.03064447  -0.03864084  0.9955432  0.2151306  0.9042669  -0.1771233  -0.02805482  0.1697936  0.3452765  0.9225872  0.0991266
-0.106423  0.8859261  -0.135218  0.07949629  -0.03171536  -0.04041586  0.9955105  0.215972  0.9046897  -0.1768826  -0.03242943  0.1760096  0.3755795  0.9093454  0.1125187
-0.107552  0.8859429  -0.135316  0.07909461  -0.0339083  -0.04260298  0.995379  0.2182932  0.9053062  -0.1760255  -0.03387767  0.1793933  0.401139  0.8976402  0.1379563
-0.1082649  0.8860199  -0.1353692  0.07896578  -0.03443537  -0.04367574  0.9953246  0.2193456  0.9062291  -0.1759031  -0.03518923  0.1832082  0.4183024  0.888943  0.15109
-0.1088937  0.8860396  -0.135427  0.07837727  -0.03642227  -0.04597556  0.9951968  0.2211037  0.9069576  -0.1754431  -0.03468404  0.1866297  0.4299651  0.8826644  0.1619741
-0.1097869  0.8860883  -0.135511  0.07739823  -0.03783557  -0.04894304  0.9950792  0.2230057  0.9080015  -0.1749335  -0.03618615  0.1931411  0.4548952  0.8685952  0.1731236
-0.1104557  0.8860402  -0.1356844  0.07744984  -0.03754383  -0.04924545  0.9950712  0.2243718  0.9087353  -0.1744181  -0.03832262  0.1982674  0.4789039  0.8543258  0.1830258
-0.1110928  0.8859242  -0.1357853  0.07874485  -0.03598991  -0.04665627  0.995152  0.2257735  0.9088701  -0.1739325  -0.03725203  0.1997678  0.4983435  0.842828  0.1975376
-0.1113778  0.8858652  -0.1358052  0.07977732  -0.03444228  -0.04333676  0.9952745  0.2269395  0.9088015  -0.1734706  -0.03351205  0.1980402  0.5131549  0.8344634  0.2098472
-0.1124198  0.8858142  -0.1359021  0.08073321  -0.03360147  -0.0413211  0.9953119  0.2276144  0.9083771  -0.173158  -0.02969792  0.1923614  0.5230989  0.8297486  0.2235496
-0.1130125  0.8858503  -0.1360424  0.08091805  -0.03436656  -0.04108582  0.9952805  0.2278902  0.9075488  -0.1726718  -0.02601478  0.1862794  0.5326651  0.8251613  0.2411717
-0.113478  0.8859982  -0.1362073  0.07986603  -0.03625835  -0.0422788  0.9952484  0.2278956  0.9063323  -0.1720784  -0.02153221  0.1810154  0.5415332  0.8206776  0.2512938
-0.114342  0.8861652  -0.1364472  0.07855327  -0.03867078  -0.04342972  0.9952125  0.2277253  0.9047453  -0.1714295  -0.0163447  0.1758877  0.5474564  0.8179779  0.2664195
-0.1149253  0.8862172  -0.1365764  0.07804557  -0.04012135  -0.04333816  0.995199  0.2272663  0.9028947  -0.1705202  -0.01011192  0.1709085  0.5524017  0.8158066  0.2822447
-0.1151459  0.8861054  -0.1366147  0.07916161  -0.03995793  -0.04093641  0.9952191  0.2260612  0.9007339  -0.1694836  -0.003188579  0.1656031  0.5541025  0.8158037  0.2934679
-0.1153182  0.8860429  -0.1366628  0.08009731  -0.03928206  -0.03918217  0.9952418  0.2243166  0.8987237  -0.1686552  0.0004321225  0.1603409  0.5549615  0.8162771  0.3076904
-0.1151093  0.88607  -0.1367194  0.08092219  -0.03734431  -0.03791133  0.9952988  0.2206924  0.8959877  -0.1676021  0.003502537  0.1510908  0.5473324  0.8231565  0.32158
-0.1147866  0.8861597  -0.1367573  0.08083709  -0.03686002  -0.03895508  0.9952835  0.2169936  0.8932224  -0.1668404  0.007245538  0.1405673  0.538169  0.8310009  0.3410786
-0.1145948  0.8862653  -0.1367529  0.08021384  -0.0368872  -0.0401271  0.9952865  0.2123918  0.8899429  -0.1661111  0.01178407  0.1278672  0.5281746  0.8393705  0.3552707
-0.1146558  0.8863955  -0.1368208  0.07974324  -0.03705324  -0.04069527  0.9952949  0.2066885  0.8865249  -0.1655945  0.0146185  0.1142081  0.5211491  0.8456634  0.3656063
-0.1146317  0.8865346  -0.1369111  0.07932943  -0.03721053  -0.04091159  0.9953133  0.199484  0.8832456  -0.1652923  0.01228454  0.09892691  0.5145145  0.8516676  0.3797563
-0.1145209  0.8866625  -0.1369591  0.07902121  -0.03710419  -0.04117714  0.9953309  0.1932763  0.8809243  -0.16492  0.009260276  0.08641003  0.5052589  0.8585809  0.3903669
-0.1144607  0.886732  -0.1369596  0.07913352  -0.03680706  -0.04099679  0.9953404  0.1866572  0.8790519  -0.1643805  0.00653987  0.0764907  0.488955  0.8689243  0.4045805
-0.1144147  0.886851  -0.1369456  0.07938658  -0.03647584  -0.04021946  0.9953641  0.1797748  0.877418  -0.1638801  0.00350116  0.06741475  0.4697222  0.8802295  0.4202841
-0.1142472  0.8871183  -0.1370297  0.08018963  -0.03549057  -0.03799978  0.9954225  0.1726473  0.8756949  -0.1632945  0.0007848903  0.05833727  0.4500047  0.8911184  0.4322281
-0.1138929  0.8873181  -0.1369162  0.08051979  -0.03292884  -0.03550987  0.995576  0.165314  0.873679  -0.1628979  -0.0001975615  0.04862861  0.4308546  0.9011102  0.4479722
-0.1134485  0.8877165  -0.1371049  0.07944718  -0.03130564  -0.03538871  0.9957188  0.1576028  0.8711587  -0.1625298  0.0006127427  0.03680605  0.4139139  0.9095716  0.4596971
-0.1128907  0.8880477  -0.1371924  0.07805126  -0.02860887  -0.0358257  0.9958947  0.1490578  0.8684412  -0.1623665  -0.0005572098  0.02350583  0.4043894  0.9142846  0.4747737
-0.1123608  0.8882703  -0.1372878  0.07666266  -0.02723423  -0.03902385  0.9959209  0.1402988  0.8664668  -0.1622033  -0.004576058  0.01102148  0.3979923  0.9173112  0.4888896
-0.1111233  0.887751  -0.1375768  0.07963747  -0.02047457  -0.03773773  0.9958989  0.1323186  0.8654264  -0.1618059  -0.007455103  0.0002265447  0.3829115  0.923755  0.501846
-0.1104368  0.8872498  -0.1370369  0.08494703  -0.01533709  -0.04325908  0.9953279  0.1253103  0.86501  -0.1612695  -0.007076863  -0.008036438  0.3581992  0.9335838  0.5188769
-0.1098712  0.8879326  -0.1372812  0.08281911  -0.01686069  -0.05498823  0.9949035  0.1186141  0.8646593  -0.1606598  -0.006207209  -0.01672719  0.329925  0.9438386  0.5299236
-0.1094475  0.8885262  -0.1376313  0.07953896  -0.01714366  -0.06196006  0.9947566  0.1124779  0.8643721  -0.1598198  -0.003756139  -0.0232463  0.3027604  0.9527758  0.5494886
-0.1088177  0.8890622  -0.1378846  0.077465  -0.01382911  -0.06819573  0.9945639  0.1068311  0.8639955  -0.1591095  -0.001179398  -0.02886588  0.2807453  0.9593475  0.5635571
-0.1080052  0.8897699  -0.1384449  0.07499198  -0.01145826  -0.07853784  0.9940205  0.1014887  0.8643292  -0.1587223  -0.001008659  -0.03345416  0.2667984  0.9631711  0.5733116
-0.1072554  0.8906245  -0.1390453  0.07243027  -0.008665541  -0.08941858  0.9933192  0.09709441  0.8652629  -0.1583933  -0.00228857  -0.0362333  0.2562636  0.9659249  0.5863816
-0.1066562  0.891399  -0.1396842  0.07130694  -0.005266384  -0.09729605  0.9926838  0.09363738  0.866983  -0.1575981  -0.005313726  -0.03717985  0.2459765  0.9685479  0.5986189
-0.1062569  0.89217  -0.1404175  0.07055251  -0.0002756424  -0.1036498  0.9921084  0.09099559  0.8691475  -0.1561128  -0.006504876  -0.03502106  0.2298351  0.9725777  0.6154048
-0.1059082  0.8930033  -0.1412243  0.06941761  0.00439285  -0.1105984  0.9914282  0.08946677  0.871207  -0.1544194  -0.003909385  -0.03119301  0.20482  0.9782947  0.6266828
-0.1054507  0.8936481  -0.142196  0.06679558  0.006869566  -0.1217754  0.9902837  0.08800932  0.8732281  -0.1528239  -0.0007724951  -0.02879708  0.1786425  0.9834923  0.6405216
-0.1048225  0.8938584  -0.1430416  0.06500056  0.009761812  -0.137459  0.9883242  0.08685085  0.8748631  -0.1516176  0.004103859  -0.0283058  0.1530882  0.9877986  0.6579296
-0.1041243  0.8935537  -0.1439556  0.06449898  0.01268756  -0.1567561  0.9854474  0.08551225  0.8759366  -0.1507001  0.009953133  -0.03152885  0.1336145  0.9904818  0.6682742
-0.1033299  0.8930658  -0.1448929  0.06409783  0.01649633  -0.1770716  0.9819701  0.08401666  0.8775344  -0.1499186  0.0118379  -0.03350241  0.1259135  0.9914048  0.6833479
-0.1025911  0.8919964  -0.1457537  0.06437182  0.02059666  -0.197639  0.9779422  0.08325659  0.8795623  -0.1490774  0.01048125  -0.03214122  0.1209367  0.9920844  0.6978021
-0.1017414  0.8909829  -0.1467507  0.0653697  0.02490103  -0.2199297  0.9730045  0.08285099  0.8817604  -0.1482319  0.007077351  -0.02836755  0.1138673  0.9930657  0.7120111
-0.1010186  0.889682  -0.1479018  0.0665646  0.03047487  -0.2388641  0.9682894  0.08306976  0.8841484  -0.1472917  0.003252134  -0.02201827  0.1079004  0.9939125  0.7237133
-0.1003166  0.8889492  -0.1491723  0.06731509  0.03739847  -0.2550656  0.9638525  0.08385969  0.8859731  -0.1463514  0.003475652  -0.01790198  0.09574693  0.9952388  0.7398797
-0.1001334  0.8880823  -0.1501777  0.06897567  0.04561269  -0.2618842  0.9615501  0.0845346  0.8871509  -0.1455161  0.006953254  -0.0177713  0.08148769  0.9964917  0.7598146
-0.1004693  0.8858882  -0.1503515  0.0800867  0.05030308  -0.2643759  0.9597715  0.08725741  0.8878742  -0.1455716  0.01001337  -0.02016823  0.07854029  0.9966567  0.8164421
-0.09882292  0.8840243  -0.1516636  0.08053327  0.05474178  -0.2869616  0.9529799  0.08745438  0.8892336  -0.1449001  0.01172944  -0.01839771  0.06697898  0.9975157  0.8382367
-0.09155355  0.8716918  -0.1577885  0.08698416  0.0789033  -0.3883143  0.9140133  0.09081616  0.8954228  -0.1405143  0.01904217  -0.01139761  0.00633615  0.9997337  0.8512167
-0.08938021  0.8733841  -0.1572255  0.08786498  0.08405653  -0.3510697  0.9284203  0.09015441  0.893809  -0.1414984  0.01664587  -0.01459345  0.02583865  0.9994211  0.8686258
-0.08938001  0.8733839  -0.1572256  0.08786512  0.08405712  -0.351071  0.9284198  0.09015441  0.893809  -0.1414984  0.01664585  -0.01459346  0.02583869  0.9994211  0.8802528
-0.08678547  0.8727204  -0.1580918  0.09095337  0.09395729  -0.3428525  0.9302428  0.090032  0.8935261  -0.1414962  0.0163387  -0.01600409  0.02992593  0.9992905  0.9002254
-0.08436586  0.872354  -0.1588691  0.09223142  0.1028756  -0.3371614  0.9312531  0.08976386  0.8933348  -0.1415479  0.01375029  -0.01607408  0.03809891  0.9990501  0.9141089
-0.07403077  0.8719964  -0.1617875  0.08462708  0.1257508  -0.3435911  0.9268065  0.09029678  0.8932171  -0.1408186  0.009872052  -0.006501449  0.05213504  0.9985701  0.9581985
-0.073264  0.8755499  -0.1609849  0.0760402  0.1173329  -0.3375271  0.930874  0.08947386  0.8924755  -0.1415054  0.01035342  -0.008425267  0.0513005  0.9985942  0.9863434
-0.05411474  0.8763427  -0.1651834  0.06296417  0.1410455  -0.3485663  0.9244693  0.09069869  0.892671  -0.1404906  0.007838691  -0.002167595  0.05271326  0.9985766  0.9989734
-0.05059262  0.8829638  -0.1661708  0.0446847  0.1362299  -0.3431451  0.928276  0.08982154  0.891205  -0.140639  0.005974088  -0.002772154  0.06085645  0.9981248  1.014683
-0.03734259  0.8926393  -0.1686422  0.01959551  0.1455943  -0.3346221  0.9308311  0.08921107  0.8891659  -0.1400727  -0.000224788  0.01359594  0.09850475  0.9950437  1.026947
-0.02171253  0.9131188  -0.1689498  -0.01235903  0.1293706  -0.2967038  0.9460853  0.08822538  0.8875085  -0.1407056  -0.0008660134  0.01810179  0.1179353  0.992856  1.113065
-0.02823152  0.9091109  -0.1676593  0.001925132  0.1260492  -0.2851344  0.9501612  0.08796705  0.8881926  -0.1410726  0.002770093  0.007727562  0.1005979  0.9948933  1.12421
-0.005215543  0.93897  -0.1689509  -0.004067546  0.1258819  -0.1622031  0.9786866  0.08701825  0.8868807  -0.1420924  0.005732677  0.004525779  0.1058475  0.9943556  1.15507
-0.004257831  0.9365041  -0.1683997  0.02874269  0.1482494  -0.1164257  0.9816523  0.0873006  0.8879993  -0.1423236  0.003891206  0.005482495  0.101854  0.9947767  1.183998
0.00109738  0.9417153  -0.1666686  0.04353313  0.1662991  -0.05947571  0.9833169  0.08725654  0.888409  -0.1426925  0.003020253  0.005090205  0.09961826  0.9950082  1.209637
0.004138216  0.9433003  -0.1629348  0.06475212  0.1741958  0.004498255  0.9825695  0.08727323  0.8883371  -0.1429823  0.003578161  0.005034287  0.1000066  0.9949676  1.246269
0.005312538  0.9369556  -0.1556813  0.07550598  0.161922  -0.02168006  0.9836717  0.08727365  0.8883421  -0.143205  0.003483609  0.004521776  0.1010575  0.9948642  1.302063
0.009789031  0.9377174  -0.1530622  0.08329463  0.1622397  0.003487243  0.9832234  0.08714432  0.8884369  -0.1435828  0.003423914  0.003884088  0.101659  0.9948059  1.317744
0.0173796  0.9352923  -0.1471344  0.1096162  0.1778302  0.07403407  0.9751307  0.08735937  0.8890107  -0.1443657  0.002452012  0.003740883  0.1050564  0.9944562  1.33369
0.01968707  0.9308297  -0.1467682  0.1150466  0.1815789  0.04092152  0.9757658  0.08769545  0.8898067  -0.1448825  0.001324814  0.004255993  0.1064741  0.9943055  1.369778
0.02324671  0.9281579  -0.1465185  0.09740382  0.1802507  -0.004449112  0.9787761  0.08761823  0.8909076  -0.1459556  0.000118998  0.0009595621  0.1087144  0.9940727  1.442552
0.02127386  0.9275036  -0.1476873  0.08975794  0.1813768  -0.02258202  0.9790486  0.08786432  0.8912134  -0.146247  -0.0009150526  -0.0008014664  0.1101395  0.9939154  1.459629
0.02174205  0.9152564  -0.1438816  0.1307009  0.1933875  -0.01293462  0.9722918  0.08953448  0.8942121  -0.1487344  -0.005513148  -0.003996256  0.1195296  0.9928074  1.477878
0.02043384  0.9137234  -0.1456526  0.1142726  0.1908981  -0.06583712  0.9727102  0.09011777  0.8943443  -0.1488542  -0.0045748  -0.004213198  0.1186805  0.9929131  1.506172
0.01302805  0.9123273  -0.1450556  0.1117499  0.1800975  -0.08779033  0.9733292  0.09063648  0.8943108  -0.1490341  -0.007457193  -0.006256086  0.1205234  0.9926627  1.58104
0.009790245  0.9094547  -0.1439913  0.1125744  0.1755759  -0.1024122  0.9726314  0.09094836  0.8949337  -0.1494981  -0.008749793  -0.007497509  0.1220676  0.9924549  1.592578
0.0001998879  0.9039869  -0.1419521  0.0918261  0.155784  -0.1861918  0.9657289  0.09169675  0.895735  -0.1499571  -0.01030302  -0.008664271  0.122012  0.9924374  1.631387
0.0007144213  0.9049147  -0.1433205  0.0833232  0.1599977  -0.2080231  0.9613451  0.09145001  0.8951572  -0.1496515  -0.009669583  -0.007520134  0.1200082  0.9926973  1.642349
-0.004161383  0.905365  -0.1424176  0.07019502  0.1366524  -0.2445943  0.9573779  0.09141994  0.8948086  -0.1496838  -0.00937566  -0.007959679  0.119071  0.9928096  1.668986
-0.005330791  0.906535  -0.1417256  0.04200288  0.1012847  -0.2976135  0.9483688  0.09102184  0.8939563  -0.1497909  -0.008604214  -0.01044362  0.1183681  0.9928777  1.721844
-0.009956803  0.9076193  -0.1404366  0.02867798  0.08477154  -0.3331298  0.9386245  0.09075924  0.8935506  -0.1499163  -0.008464865  -0.01167754  0.1177685  0.9929363  1.731697
-0.01193099  0.9080307  -0.1404791  0.02577656  0.08246948  -0.3582662  0.9296128  0.0900841  0.8924713  -0.1501635  -0.006198492  -0.01387628  0.1154409  0.9931982  1.750772
-0.01424273  0.9079922  -0.1401949  0.02444346  0.07719807  -0.3807952  0.921107  0.08933084  0.8919159  -0.1506102  -0.005732556  -0.01567458  0.1173463  0.9929509  1.779179
-0.01366269  0.9076244  -0.1397457  0.01798609  0.06811169  -0.3975359  0.9148785  0.08936652  0.8926445  -0.151231  -0.005932447  -0.0180572  0.1133399  0.9933746  1.839754
-0.01707109  0.9091318  -0.1388485  0.009453204  0.05640512  -0.4255807  0.9031115  0.08876185  0.8924485  -0.1516454  -0.005617084  -0.01996282  0.1116674  0.9935293  1.851026
-0.02211605  0.9112239  -0.1367402  0.002610763  0.04121907  -0.4566584  0.8886829  0.08845873  0.8930219  -0.152315  -0.006597785  -0.02308431  0.1078515  0.9938772  1.871687
-0.02505415  0.9117239  -0.1353927  -0.003803641  0.02880456  -0.4839913  0.8745905  0.08868343  0.8934235  -0.1523528  -0.007811819  -0.02232193  0.1101741  0.9936309  1.906733
-0.02956014  0.9146984  -0.133709  -0.01037444  0.009933341  -0.509959  0.8600788  0.08901788  0.893886  -0.1522779  -0.008827171  -0.02148212  0.1114404  0.9934996  1.930154
-0.03312375  0.9177247  -0.1322286  -0.008824535  0.00890347  -0.5184299  0.8550283  0.0891747  0.8945019  -0.1524259  -0.009735783  -0.0225454  0.1103293  0.9935917  1.957349
-0.03688905  0.9227164  -0.130331  -0.02887051  -0.007992202  -0.5590149  0.8286163  0.08941311  0.8950565  -0.1524192  -0.01042861  -0.02373127  0.109373  0.9936628  1.98223
-0.04162302  0.929874  -0.1276626  -0.06235683  -0.04233117  -0.6224732  0.7790038  0.08985192  0.8955538  -0.1523861  -0.01185075  -0.02325998  0.1097103  0.9936208  2.023962
-0.04933058  0.9408873  -0.1241791  -0.07165252  -0.06458201  -0.6391636  0.7629974  0.09024934  0.8962805  -0.1526546  -0.01356595  -0.02289071  0.1106501  0.9935032  2.037477
-0.05644231  0.9527753  -0.1221443  -0.0668381  -0.07711908  -0.6218609  0.7764499  0.09082667  0.897151  -0.1529219  -0.0149021  -0.02351966  0.107644  0.9937996  2.066199
-0.06191167  0.9669181  -0.1206427  -0.09495322  -0.1126348  -0.6384107  0.7554661  0.09114113  0.8977517  -0.1535459  -0.01687626  -0.02432107  0.1073134  0.9937845  2.105917
-0.0649779  0.9829744  -0.1204533  -0.1446676  -0.1487686  -0.6763707  0.7067263  0.09128324  0.898093  -0.1539614  -0.01893841  -0.02555628  0.1095544  0.9934718  2.147733
-0.06691718  0.9949402  -0.1207905  -0.1696657  -0.170438  -0.6805524  0.6921074  0.09172739  0.8979027  -0.154014  -0.01737342  -0.02605098  0.1090395  0.993544  2.175576
-0.0705167  1.010733  -0.1217462  -0.192394  -0.1945004  -0.6944292  0.665524  0.0919989  0.8983198  -0.1544088  -0.01797282  -0.02679106  0.1088661  0.9935329  2.186744
-0.07106349  1.025787  -0.1239473  -0.2237739  -0.2171894  -0.7160612  0.6245083  0.09246419  0.898734  -0.1547858  -0.01837613  -0.02733179  0.1080867  0.9935958  2.210098
-0.06985222  1.038507  -0.1270513  -0.2530029  -0.2277009  -0.7288642  0.5940531  0.09272888  0.899148  -0.1552705  -0.01888693  -0.02798256  0.1080821  0.9935687  2.235161
-0.06905072  1.050647  -0.129761  -0.2690169  -0.2371076  -0.7283886  0.5838322  0.09308622  0.8999231  -0.1556739  -0.01952115  -0.02929598  0.1061716  0.9937245  2.263404
-0.06829508  1.064374  -0.1334268  -0.2799594  -0.2558183  -0.7194642  0.5818515  0.09372509  0.9009864  -0.1559207  -0.02044485  -0.02863515  0.1016472  0.994198  2.290391
-0.06590822  1.075295  -0.1377726  -0.2990632  -0.2703638  -0.7144502  0.5718617  0.09396941  0.9019749  -0.1560358  -0.02062169  -0.0271048  0.09734868  0.9946676  2.31877
-0.06377941  1.085361  -0.1419103  -0.3153961  -0.2794986  -0.7100555  0.5641162  0.0933491  0.9026607  -0.1563832  -0.02151782  -0.02904173  0.09742144  0.9945867  2.356484
-0.0631858  1.089715  -0.1443629  -0.3319021  -0.2912094  -0.7007614  0.5603317  0.09274155  0.9031258  -0.1567279  -0.02302811  -0.03117807  0.09706937  0.9945227  2.419497
-0.0612486  1.100659  -0.1503008  -0.3481194  -0.3034333  -0.6968786  0.5487269  0.09239606  0.903831  -0.1570449  -0.02385995  -0.03198018  0.09621848  0.9945602  2.429668
-0.06022513  1.117305  -0.1588687  -0.3718726  -0.3207146  -0.6822321  0.5416757  0.09183738  0.9048327  -0.1577356  -0.02540017  -0.03241438  0.09756244  0.9943771  2.45024
-0.06653318  1.124044  -0.1612271  -0.3672714  -0.3386942  -0.6625769  0.5580233  0.0915456  0.9054438  -0.1586021  -0.02614692  -0.03516799  0.09601518  0.9944147  2.512395
-0.06618077  1.121274  -0.1596546  -0.3645958  -0.3350968  -0.6654726  0.5585039  0.09166022  0.9052602  -0.1584626  -0.02591252  -0.03482993  0.09617344  0.9944175  2.522696
-0.07181117  1.127319  -0.1618543  -0.3571151  -0.3363088  -0.6426611  0.588517  0.0918244  0.905567  -0.1589315  -0.02556239  -0.03492085  0.09526133  0.9945112  2.55037
-0.07620081  1.126455  -0.1619852  -0.341131  -0.3237891  -0.6073812  0.6402175  0.09209358  0.9056581  -0.1590323  -0.02573434  -0.03390072  0.09596439  0.9944745  2.573375
-0.07936291  1.124052  -0.1624829  -0.3274441  -0.2857514  -0.5526589  0.7111221  0.09246554  0.9059058  -0.1594398  -0.02565034  -0.0336863  0.09385215  0.9946854  2.600849
-0.08638679  1.115582  -0.1637302  -0.2797487  -0.2129103  -0.4233752  0.8349631  0.09288165  0.9060343  -0.1599145  -0.02622558  -0.03509172  0.09131829  0.9948577  2.639639
-0.08638681  1.115582  -0.1637302  -0.2797486  -0.2129102  -0.423375  0.8349632  0.09288166  0.9060343  -0.1599145  -0.02622558  -0.03509174  0.09131827  0.9948577  2.655023
-0.08875078  1.108875  -0.1637135  -0.2633437  -0.1890763  -0.3832185  0.8648953  0.09315404  0.9060105  -0.1599714  -0.02655828  -0.03443215  0.09129892  0.9948738  2.683147
-0.09291743  1.102314  -0.1620757  -0.2359252  -0.1656834  -0.3427904  0.8940823  0.09381699  0.9061491  -0.1601975  -0.02704163  -0.03511163  0.09008981  0.9949472  2.710817
-0.09902178  1.096704  -0.1601223  -0.2089741  -0.1546475  -0.2976187  0.9186062  0.09616918  0.9068881  -0.1602145  -0.02737646  -0.03526966  0.08862485  0.995064  2.739208
-0.1056458  1.089607  -0.1589071  -0.1838656  -0.1467507  -0.2503534  0.9391384  0.1014199  0.9086902  -0.1595189  -0.02829581  -0.02728321  0.08395361  0.9956941  2.773838
-0.1114968  1.082093  -0.1577234  -0.1635593  -0.1447845  -0.2062434  0.953808  0.1057002  0.9107073  -0.1590126  -0.03211842  -0.01867359  0.08571488  0.9956269  2.794195
-0.1132138  1.079314  -0.1585981  -0.1468734  -0.1265008  -0.1755056  0.9652065  0.1084478  0.9129062  -0.1590446  -0.03773537  -0.01674568  0.09755592  0.9943734  2.858981
-0.1172615  1.068821  -0.1565749  -0.1215424  -0.1078621  -0.1245642  0.9788142  0.1118984  0.9148174  -0.1588667  -0.04057087  -0.01329197  0.1006739  0.9940032  2.878059
-0.1240581  1.0403  -0.1530446  -0.06608645  -0.07620682  -0.02251019  0.9946449  0.1226245  0.9271172  -0.1602836  -0.07555492  -0.00783018  0.1386161  0.9874288  2.890496
-0.1262466  1.031314  -0.1518702  -0.03598783  -0.05122901  0.03892432  0.997279  0.1253123  0.9342518  -0.1610473  -0.09787075  -0.009968758  0.1726144  0.9800645  2.918001
-0.124892  1.027041  -0.1491691  -0.004833862  -0.02567117  0.03985816  0.9988638  0.1290207  0.9468461  -0.1604026  -0.1315903  -0.01233766  0.2159242  0.9674237  3.001245
-0.1220693  1.013437  -0.1472536  0.02373452  -0.002122067  0.07706892  0.9967411  0.1316069  0.9574486  -0.1614839  -0.151431  -0.01174507  0.2413381  0.9584816  3.017877
-0.1169791  0.9850994  -0.1424018  0.09253778  0.04874653  0.1812935  0.9778515  0.1344326  0.9862202  -0.1641359  -0.2029779  -0.01583598  0.3043844  0.9305372  3.035067
-0.1138233  0.9816104  -0.1416304  0.1067509  0.05202346  0.1862417  0.9753009  0.1282599  0.9954144  -0.1650004  -0.2239485  -0.02537867  0.34515  0.9110843  3.063534
-0.1098058  0.9785401  -0.1414365  0.1079529  0.05911335  0.1820212  0.9755616  0.1174488  1.005367  -0.1663378  -0.2539  -0.0319654  0.4109927  0.8749847  3.091444
-0.1066542  0.9842656  -0.1448179  0.07910354  0.04313844  0.1457463  0.9852105  0.1043305  1.008411  -0.1655264  -0.2678091  -0.04635509  0.4661241  0.8419369  3.144583
-0.1025887  0.9787053  -0.1445926  0.08640811  0.05059426  0.1542339  0.9829475  0.09509436  1.01829  -0.1676088  -0.2881379  -0.05336574  0.507693  0.8101707  3.155969
-0.09418088  0.9750715  -0.1457236  0.09347951  0.05964147  0.1751842  0.9782714  0.06899189  1.033067  -0.1680632  -0.3209508  -0.08857399  0.5342425  0.7770008  3.197983
-0.09418073  0.9750714  -0.1457237  0.09348245  0.05964462  0.1751888  0.9782701  0.06899177  1.033067  -0.1680633  -0.320951  -0.08857408  0.5342427  0.7770005  3.206837
-0.08998253  0.9741029  -0.1457516  0.09802718  0.06689992  0.1793144  0.9766071  0.05583595  1.035216  -0.1697887  -0.3335832  -0.1113725  0.5449445  0.7611529  3.236574
-0.08614439  0.9740496  -0.1459292  0.09700269  0.07130607  0.1750597  0.9771694  0.04353107  1.035717  -0.1723736  -0.3438075  -0.1401639  0.5483037  0.7493421  3.2619
-0.08378156  0.9745591  -0.146035  0.09204339  0.07013721  0.17057  0.9785269  0.03256343  1.036385  -0.1745655  -0.3568437  -0.1585371  0.5435848  0.7429969  3.286899
-0.0794026  0.9759628  -0.1460546  0.09344062  0.07671935  0.1756429  0.9770019  0.01742997  1.031722  -0.1738469  -0.3498145  -0.186644  0.5372975  0.7443825  3.339218
-0.07948913  0.9759752  -0.1460502  0.09340899  0.0766122  0.1755778  0.977025  0.0177264  1.031713  -0.1737986  -0.3496468  -0.186231  0.5371405  0.7446781  3.351474
-0.07865431  0.9774866  -0.1462244  0.0947184  0.0832604  0.1845662  0.9746955  0.01282221  1.027922  -0.1717794  -0.3447068  -0.191624  0.548941  0.7369675  3.373095
-0.07805846  0.9795014  -0.146375  0.08956226  0.07984109  0.1826153  0.9758359  0.009809349  1.027083  -0.1678922  -0.3428974  -0.1817405  0.5427285  0.7448742  3.401604
-0.077958  0.9815238  -0.1469706  0.08269113  0.07559007  0.1759725  0.977999  0.008179363  1.027386  -0.165063  -0.3416725  -0.1794381  0.5252872  0.7583768  3.426767
-0.07910724  0.9817097  -0.1471095  0.0817156  0.07818006  0.1806296  0.9770278  0.01445594  1.026865  -0.1623475  -0.329884  -0.1772526  0.5027508  0.7791019  3.499522
-0.0781664  0.9829552  -0.1475102  0.08006966  0.07997097  0.1825305  0.9766659  0.01181429  1.026211  -0.1604809  -0.3272859  -0.1803467  0.494655  0.78465  3.512909
-0.07853583  0.9841458  -0.1480008  0.07932083  0.08087792  0.1863117  0.975938  0.01461798  1.027725  -0.1560501  -0.3177841  -0.1712485  0.4644249  0.8087006  3.523944
-0.08004486  0.9843989  -0.1478334  0.07832806  0.07949486  0.1853969  0.976306  0.02102001  1.02858  -0.1531354  -0.307984  -0.1623456  0.4399793  0.8277729  3.548738
-0.08240146  0.9849518  -0.1479761  0.07640861  0.07593764  0.1838748  0.9770287  0.02882084  1.029255  -0.1506934  -0.3027336  -0.1541964  0.4164169  0.8433106  3.576506
-0.08909794  0.9857961  -0.1479889  0.07103874  0.07252774  0.1816545  0.9781078  0.05085304  1.030853  -0.1428681  -0.2739307  -0.1285225  0.3650297  0.8804528  3.624621
-0.08909818  0.9857963  -0.1479889  0.07103848  0.07252763  0.1816545  0.9781079  0.05085394  1.030853  -0.1428677  -0.2739297  -0.1285216  0.3650271  0.8804545  3.638311
-0.09713298  0.9837229  -0.1464325  0.07185496  0.05791085  0.1858319  0.9782381  0.06717075  1.029936  -0.1376694  -0.2514259  -0.1014617  0.3384844  0.9010654  3.688573
-0.1013038  0.9836507  -0.1461159  0.07075863  0.05321451  0.1869211  0.9783773  0.0788948  1.029759  -0.1329246  -0.2382537  -0.08805341  0.3154695  0.914309  3.707299
-0.1065701  0.982039  -0.1451981  0.07077943  0.04675611  0.1884466  0.978413  0.09226024  1.026561  -0.129557  -0.2225029  -0.06627532  0.3024411  0.9244617  3.717466
-0.1116126  0.979654  -0.1439423  0.0696285  0.0400514  0.1886366  0.9787564  0.1043179  1.023731  -0.1270752  -0.2097721  -0.04881117  0.2865923  0.9335299  3.744004
-0.1173403  0.976368  -0.1425792  0.07366627  0.0321388  0.1902755  0.9784353  0.117602  1.020333  -0.1237177  -0.1879926  -0.03009356  0.2588933  0.9469571  3.77246
-0.1235237  0.9727578  -0.1413224  0.07756115  0.02311995  0.2017639  0.9760846  0.1301509  1.015561  -0.1210901  -0.1674067  -0.009674208  0.2374927  0.9568065  3.820239
-0.1286499  0.9693009  -0.1401674  0.08069267  0.01576506  0.2039361  0.9755256  0.1397641  1.010136  -0.1203555  -0.1566194  0.01139253  0.2347487  0.959288  3.832066
-0.1340367  0.9652174  -0.1389577  0.08559549  0.01080802  0.2085674  0.9741952  0.1488101  1.004288  -0.1197952  -0.1407164  0.02245796  0.2214795  0.9646975  3.85732
-0.1398754  0.9598789  -0.13788  0.09054184  0.002057645  0.2138426  0.972661  0.1580713  0.9983506  -0.119412  -0.1296875  0.03372278  0.2023131  0.97011  3.892671
-0.1454146  0.954173  -0.1370158  0.09546094  -0.006693913  0.2184571  0.9711431  0.1682395  0.9906534  -0.1189402  -0.1083198  0.04617971  0.1724158  0.9779606  3.913167
-0.1501997  0.9466439  -0.1355993  0.1015878  -0.02344659  0.2189511  0.9701499  0.1734058  0.9823146  -0.1196619  -0.08128925  0.06412651  0.1425944  0.9843509  3.966069
-0.1568236  0.94054  -0.1345985  0.1059115  -0.03410644  0.2217915  0.968725  0.1856673  0.9733756  -0.1186322  -0.06136884  0.07986444  0.1183016  0.9878564  3.979892
-0.1667118  0.9213422  -0.1327301  0.1279736  -0.0533152  0.2265842  0.9640747  0.2012024  0.9472452  -0.119566  -0.01895774  0.108008  0.06710293  0.9917017  4.002425
-0.1667112  0.921343  -0.1327301  0.1279735  -0.0533151  0.2265841  0.9640746  0.2012012  0.9472466  -0.1195661  -0.01895992  0.1080064  0.06710552  0.9917016  4.025457
-0.1699218  0.9117684  -0.1323469  0.1402334  -0.05954345  0.2274097  0.9618077  0.204085  0.9319792  -0.1202544  0.004306199  0.1165002  0.06559566  0.9910129  4.052336
-0.1718825  0.9020653  -0.1322999  0.1526608  -0.06527385  0.2253856  0.9600185  0.2059941  0.9165931  -0.1209712  0.03093925  0.1173406  0.05745862  0.9909452  4.107465
-0.1719507  0.8945584  -0.1321661  0.1635312  -0.0642607  0.2182792  0.9599386  0.2064936  0.9048739  -0.121227  0.05188531  0.1110135  0.04185048  0.9915807  4.129851
-0.1727427  0.8771374  -0.1315731  0.1848707  -0.06195194  0.2028571  0.9596009  0.2064023  0.8797506  -0.123674  0.07663194  0.1029696  0.02142239  0.9914967  4.139462
-0.1734801  0.8701313  -0.1313008  0.1933302  -0.06504241  0.193742  0.9596129  0.2034193  0.8704816  -0.1255496  0.07691549  0.09835719  0.04248467  0.9912643  4.166733
-0.1743755  0.8652501  -0.1310527  0.1958223  -0.06902408  0.1886143  0.9598511  0.2007598  0.8639363  -0.12767  0.08185594  0.09500437  0.04826752  0.990931  4.195471
-0.1742724  0.862138  -0.1311248  0.194795  -0.06747738  0.1924458  0.9594094  0.1990184  0.8590378  -0.129202  0.08597115  0.08817256  0.03565296  0.9917478  4.225801
-0.1732351  0.8606069  -0.1315488  0.1894087  -0.06266592  0.188261  0.961642  0.1973428  0.8557075  -0.1307283  0.0875377  0.08259363  0.03123564  0.9922399  4.2836
-0.1726861  0.860588  -0.1316654  0.1866308  -0.05715603  0.1865528  0.9628604  0.1964904  0.8572365  -0.1312975  0.07699765  0.0827124  0.0323139  0.9930691  4.294905
-0.1736103  0.8570477  -0.1317656  0.1877501  -0.06452145  0.1813832  0.9631652  0.1947144  0.8526437  -0.132454  0.07847028  0.07831714  0.02294064  0.9935707  4.318095
-0.1741021  0.8574464  -0.1317204  0.1854552  -0.07550801  0.1752183  0.9639521  0.1934712  0.8530548  -0.1326179  0.08002347  0.07498766  0.02209282  0.9937228  4.349945
-0.1731043  0.8583516  -0.1317081  0.1810578  -0.07653832  0.170266  0.9655929  0.1928986  0.8530313  -0.1324908  0.07901254  0.07465934  0.02283412  0.9938117  4.370816
-0.1703669  0.860931  -0.131448  0.1751749  -0.06433819  0.1814558  0.96553  0.1923662  0.8528587  -0.1318717  0.08082316  0.0809835  0.02218783  0.9931853  4.431527
-0.1705998  0.8610018  -0.1314747  0.1758143  -0.06472204  0.1814646  0.9653864  0.1925967  0.8534504  -0.1318265  0.08034569  0.08097818  0.02276328  0.9932114  4.44246
-0.1684989  0.8621246  -0.1315331  0.1693634  -0.0630077  0.1737538  0.9680679  0.1911263  0.854093  -0.1322138  0.07366256  0.07880838  0.02813292  0.9937664  4.463733
-0.1673534  0.8632094  -0.1317175  0.1666524  -0.0632038  0.1629988  0.9703936  0.1896958  0.8548786  -0.1326871  0.06869806  0.07393686  0.02992296  0.9944439  4.491681
-0.1665134  0.8643598  -0.1318052  0.1614748  -0.06440777  0.1552531  0.9724577  0.1891342  0.8558073  -0.132965  0.06729148  0.07170062  0.02692677  0.9947893  4.519707
-0.1666499  0.8637801  -0.131648  0.1660799  -0.06668807  0.1624998  0.9703423  0.1888216  0.8584409  -0.1342705  0.05865391  0.0731674  0.0218676  0.9953533  4.582324
-0.1662316  0.8641372  -0.1316236  0.1653625  -0.06741089  0.1615541  0.9705727  0.1881031  0.8594192  -0.134545  0.05558243  0.07213343  0.02028378  0.9956385  4.597846

