-0.1290694  0.8614359  -0.1464939  0.06509218  -0.07956684  -0.01246796  0.994624  0.15607  0.8616565  -0.1461366  0.02709018  0.09984469  0.02590325  0.9942969  0.0190989
-0.1290264  0.8613263  -0.1465092  0.06505208  -0.07953449  -0.01252656  0.9946284  0.1559797  0.8616802  -0.1461597  0.02676859  0.09946015  0.02555201  0.9943532  0.0371703
-0.1291019  0.8616996  -0.146477  0.064387  -0.0797611  -0.01253442  0.9946534  0.1560409  0.8616703  -0.1461253  0.02704641  0.09987627  0.02632725  0.9942837  0.0505845
-0.1292522  0.8620163  -0.1463884  0.06393151  -0.07999183  -0.01145233  0.9946773  0.1559976  0.8617718  -0.1461349  0.02687716  0.09950954  0.02621317  0.9943281  0.0796828
-0.1293329  0.8622977  -0.1463514  0.0635414  -0.08016317  -0.01106991  0.9946928  0.1559855  0.8618398  -0.1461297  0.02688816  0.09947436  0.02642351  0.9943258  0.09564079
-0.1294898  0.8628263  -0.1463217  0.06288969  -0.08007044  -0.01012425  0.9947518  0.1558246  0.8622732  -0.1465087  0.02597783  0.099438  0.02691317  0.9943404  0.1127125
-0.1295503  0.8638549  -0.1462072  0.06044455  -0.08018483  -0.00983622  0.9948971  0.1558594  0.8628839  -0.146696  0.02468088  0.1000995  0.02767775  0.9942861  0.1256336
-0.1294627  0.8636751  -0.1461694  0.06085676  -0.07980748  -0.009655643  0.994904  0.1558791  0.862981  -0.1466913  0.02432114  0.1002997  0.02769651  0.9942743  0.1457343
-0.1293697  0.8640317  -0.1460168  0.06075658  -0.07965907  -0.008663361  0.9949312  0.1558547  0.8641967  -0.1468224  0.02139561  0.1028437  0.0309398  0.9939861  0.1654113
-0.1293452  0.8641902  -0.1459514  0.06106138  -0.08037029  -0.008620924  0.9948558  0.1556157  0.8649837  -0.1467451  0.02039782  0.1025293  0.03164345  0.9940174  0.1983329
-0.1292545  0.8642313  -0.1458163  0.06251134  -0.08044188  -0.004975975  0.9947849  0.1555183  0.8659462  -0.1465179  0.0196701  0.101743  0.031395  0.9941208  0.2157338
-0.1290733  0.864301  -0.1458718  0.06358788  -0.08010061  -0.00346762  0.9947506  0.1554289  0.8673744  -0.1464472  0.01761759  0.1021607  0.0326046  0.9940774  0.2485301
-0.1289992  0.8644236  -0.1459934  0.06356347  -0.08025542  -0.004113858  0.9947371  0.1555111  0.8691337  -0.1464767  0.01454497  0.1034938  0.03433453  0.9939309  0.2785758
-0.1289547  0.8644401  -0.1460831  0.06455053  -0.08031639  -0.002758344  0.9946733  0.1557049  0.8708653  -0.1462653  0.01219498  0.1043603  0.03463598  0.9938614  0.3299027
-0.1289514  0.8644747  -0.1461486  0.06530622  -0.07957302  -0.00180044  0.9946859  0.1557573  0.8725017  -0.1460584  0.0096639  0.1066816  0.03827843  0.9935092  0.3509136
-0.1288302  0.864384  -0.1462724  0.06600846  -0.07893054  -0.0008803216  0.994692  0.1560059  0.8741121  -0.1458871  0.007514721  0.108017  0.04014812  0.9933097  0.3729749
-0.1290961  0.8644329  -0.1463762  0.06648709  -0.07964219  8.572242E-05  0.9946037  0.1559263  0.8765326  -0.1454276  0.001095278  0.1102827  0.04820152  0.9927301  0.3926653
-0.1291872  0.8645383  -0.1464317  0.06650512  -0.08012886  -0.0002342472  0.9945635  0.1562028  0.879366  -0.1446777  -0.005395522  0.1143752  0.05883728  0.9916791  0.4117139
-0.1292791  0.8646453  -0.1465289  0.06684224  -0.07898623  0.001600829  0.994631  0.1565327  0.883199  -0.1436383  -0.01515551  0.1205864  0.07477155  0.9897668  0.4400963
-0.1296841  0.8647558  -0.1466471  0.06778637  -0.07888166  0.002795514  0.9945728  0.15729  0.8878126  -0.1419056  -0.02674909  0.1287053  0.09363449  0.9868901  0.4669062
-0.1300882  0.8649575  -0.1467516  0.06851945  -0.07943301  0.003543939  0.9944763  0.1577361  0.8937417  -0.1400845  -0.04165779  0.1383168  0.1175849  0.9825003  0.493838
-0.1302369  0.8651695  -0.146982  0.06892116  -0.07816333  0.004114611  0.9945469  0.1572384  0.9009466  -0.1383077  -0.06884994  0.1539293  0.1671131  0.9714107  0.5378481
-0.130048  0.8656883  -0.1477866  0.06869461  -0.07163908  0.001964483  0.9950603  0.1553682  0.9091643  -0.1367818  -0.1054157  0.1797486  0.2453123  0.946784  0.5516852
-0.1302054  0.8660699  -0.1478247  0.06809602  -0.0721245  0.004333629  0.995059  0.1545787  0.9169488  -0.1348855  -0.1361021  0.1972977  0.2964312  0.9244882  0.5822932
-0.130359  0.8667381  -0.1482124  0.06502806  -0.07485576  0.0008402696  0.9950715  0.1505784  0.9243223  -0.1331022  -0.1782362  0.2229477  0.3885571  0.8760991  0.6057106
-0.1305266  0.8671764  -0.1485932  0.06270818  -0.08040835  -0.01222347  0.9947124  0.1459104  0.9301084  -0.1308143  -0.208786  0.2277256  0.4617375  0.8314734  0.6322649
-0.1305442  0.8676049  -0.1487656  0.06209836  -0.08355938  -0.01814094  0.9944007  0.14328  0.9355166  -0.1280085  -0.2201715  0.2057904  0.4852675  0.8207864  0.6648195
-0.1308008  0.8679534  -0.1488377  0.06134718  -0.08213215  -0.01286189  0.9946485  0.1415923  0.9413303  -0.1250124  -0.2399826  0.2068377  0.5266295  0.7888523  0.6894878
-0.1311184  0.8677948  -0.1486879  0.06386511  -0.07979096  -0.006072665  0.9947451  0.1428925  0.9487379  -0.1213919  -0.2605953  0.2255215  0.5585202  0.75451  0.7191076
-0.1314214  0.8681086  -0.1487565  0.06451399  -0.08045071  -0.00493543  0.9946564  0.1442001  0.9557158  -0.117172  -0.2712263  0.2353951  0.5749461  0.7351616  0.7567746
-0.1318426  0.8683999  -0.1487689  0.06347673  -0.08322739  -0.008158395  0.9944735  0.1434051  0.9608489  -0.1136522  -0.2914612  0.232146  0.5959681  0.7113231  0.7738872
-0.1320356  0.868354  -0.1486393  0.06483332  -0.08333357  -0.006693773  0.9943879  0.1426876  0.9626647  -0.1088024  -0.3030121  0.2356857  0.6454071  0.6603676  0.799536
-0.1318432  0.8684583  -0.1486909  0.0656431  -0.08284321  -0.00591838  0.9943808  0.1441571  0.9611217  -0.1081097  -0.2992854  0.2367048  0.6481856  0.6589799  0.8161759
-0.1318623  0.8685901  -0.1487208  0.06637534  -0.0828657  -0.005292182  0.9943339  0.1442789  0.9631082  -0.1064719  -0.3040194  0.2396147  0.661569  0.6422488  0.8302108
-0.1319482  0.8686001  -0.1486527  0.06694275  -0.08317456  -0.005162739  0.9942707  0.1441307  0.9649644  -0.1052827  -0.3106721  0.2407586  0.6722544  0.6273693  0.8407383
-0.1319961  0.8686582  -0.1486701  0.06721835  -0.08359729  -0.005321753  0.9942158  0.1440776  0.9667425  -0.1037916  -0.3196961  0.239499  0.6817387  0.6129169  0.8581212
-0.1320751  0.8687469  -0.1486605  0.06700873  -0.08384767  -0.005403418  0.9942085  0.1432866  0.9676506  -0.1023632  -0.3297108  0.2398779  0.694203  0.5931541  0.8692305
-0.132195  0.868928  -0.1486992  0.06702436  -0.0840504  -0.004672643  0.9941939  0.1431172  0.9687957  -0.1006035  -0.3361135  0.2354077  0.7016698  0.5824693  0.8826384
-0.1323489  0.8690803  -0.1487458  0.0675161  -0.08424167  -0.003698281  0.9941485  0.1437142  0.9699093  -0.09848824  -0.3393307  0.2303735  0.7002382  0.5843365  0.9002316
-0.1325014  0.8692482  -0.148783  0.06817745  -0.0843941  -0.002483832  0.9940944  0.1444805  0.9704456  -0.09601885  -0.3401839  0.226936  0.698985  0.5866816  0.9162194
-0.1326732  0.8693313  -0.1486766  0.06814488  -0.08463159  -0.0007210404  0.9940792  0.1455931  0.9697338  -0.09307033  -0.3387229  0.2264086  0.7007391  0.5856372  0.9287923
-0.1326951  0.8695396  -0.1486464  0.06817169  -0.08525933  0.0005692628  0.9940239  0.147435  0.9654024  -0.08904248  -0.332492  0.2214427  0.7121922  0.5772302  0.9542822
-0.1328285  0.8695828  -0.1486076  0.06833197  -0.08557769  0.001529647  0.9939844  0.146949  0.965392  -0.08681045  -0.3344548  0.2193668  0.7194608  0.567798  0.9667418
-0.1327878  0.8697886  -0.1486034  0.06832013  -0.08566228  0.00232917  0.9939764  0.1482846  0.9627402  -0.08485828  -0.3296838  0.2154659  0.7223367  0.5684301  0.9799187
-0.1327633  0.8699979  -0.1485343  0.06864801  -0.08602036  0.003597402  0.9939191  0.1496605  0.9589527  -0.08127792  -0.3204912  0.2072735  0.7298775  0.5670997  0.9963183
-0.132653  0.870229  -0.1484568  0.06886934  -0.08613999  0.004339686  0.9938903  0.1502995  0.9540818  -0.07932189  -0.3086292  0.1995622  0.7374721  0.5666196  1.008091
-0.1325455  0.8703504  -0.1483808  0.06909519  -0.08611993  0.005112687  0.9938728  0.1505522  0.9497027  -0.07720286  -0.3004564  0.1915856  0.7450551  0.5638384  1.019126
-0.1324214  0.870537  -0.1483822  0.06935815  -0.08634459  0.005222476  0.9938344  0.1503029  0.9456445  -0.07596469  -0.29312  0.1845743  0.7476361  0.5666154  1.030949
-0.1323731  0.8708349  -0.1484636  0.06917682  -0.08649328  0.005111683  0.9938347  0.1497729  0.9416808  -0.07522671  -0.2895916  0.179445  0.7448165  0.5737461  1.045823
-0.132382  0.8711302  -0.1485181  0.06883609  -0.08640978  0.00545405  0.9938638  0.1491081  0.937159  -0.07451467  -0.2855102  0.1728863  0.738457  0.5858974  1.058046
-0.132275  0.8715546  -0.1485949  0.0680932  -0.08576901  0.00623725  0.9939659  0.1486653  0.9318563  -0.07376669  -0.2783601  0.1660592  0.7327529  0.5983421  1.071084
-0.1316745  0.8727145  -0.148745  0.06626619  -0.08247954  0.008929426  0.9943472  0.1477973  0.9187567  -0.07262045  -0.2494125  0.1502475  0.7331282  0.6146073  1.087967
-0.1315478  0.8732224  -0.1488115  0.06526536  -0.0816724  0.009253003  0.994477  0.1474814  0.9129235  -0.07207957  -0.230355  0.1470523  0.7327204  0.623244  1.099832
-0.1316512  0.8736444  -0.1488912  0.06395521  -0.08272792  0.007924987  0.9944863  0.1469347  0.9070573  -0.07129183  -0.217333  0.1453443  0.7305382  0.6308371  1.121981
-0.1317635  0.8741056  -0.1489388  0.06296534  -0.08377588  0.006416927  0.9944726  0.1456879  0.9017508  -0.07092209  -0.2088698  0.1417335  0.7243657  0.6415446  1.135587
-0.1318732  0.8742985  -0.1489355  0.06217735  -0.08373983  0.006102862  0.9945273  0.1423374  0.8996075  -0.07275465  -0.1978305  0.1365246  0.7002603  0.6722052  1.163519
-0.1318169  0.8747731  -0.1489489  0.06135768  -0.0837265  0.005890846  0.9945807  0.1420031  0.8934629  -0.07178585  -0.186747  0.131183  0.6939602  0.6828881  1.176175
-0.1317616  0.8750536  -0.148985  0.06064986  -0.08376986  0.005970296  0.9946198  0.1399259  0.8900698  -0.07300641  -0.1719083  0.1238089  0.6758869  0.7059005  1.191498
-0.1316175  0.8762707  -0.1490713  0.05839205  -0.08383759  0.005706541  0.9947509  0.136255  0.8731928  -0.07327645  -0.1313  0.09692613  0.6413207  0.7497157  1.209192
-0.1316597  0.8759093  -0.1492502  0.05979706  -0.08413173  0.007085833  0.9946337  0.1329527  0.874523  -0.07432362  -0.1202651  0.09418917  0.6335747  0.758451  1.229372
-0.1313297  0.8763695  -0.149354  0.05931655  -0.08394781  0.006652944  0.9946809  0.1280928  0.8690315  -0.0759488  -0.106592  0.08806185  0.6069784  0.7825986  1.249213
-0.1311266  0.8768853  -0.1494127  0.0587288  -0.08393495  0.006481604  0.994718  0.125749  0.8603362  -0.07619238  -0.08905356  0.07909354  0.5864494  0.801181  1.262977
-0.1304446  0.878033  -0.1497203  0.05652778  -0.08418232  0.004602048  0.9948351  0.1192846  0.8467646  -0.07793857  -0.06210208  0.06210549  0.5405601  0.8367086  1.277599
-0.1301507  0.8780892  -0.1499556  0.05551952  -0.08391853  0.004034845  0.9949166  0.117341  0.848648  -0.0790015  -0.06257883  0.05781081  0.5355155  0.8402173  1.289628
-0.1297201  0.8784576  -0.15022  0.05465317  -0.08325975  0.003747393  0.9950211  0.1130543  0.8447223  -0.0807039  -0.04864945  0.04554588  0.508413  0.8585308  1.309146
-0.1285025  0.879136  -0.1507576  0.0527813  -0.08269889  0.002501002  0.9951727  0.101312  0.833299  -0.08504525  -0.005633309  0.01820561  0.4244658  0.9052435  1.323849
-0.1269563  0.8790362  -0.1510795  0.05164965  -0.08335796  -0.004789595  0.9951687  0.09218638  0.8285208  -0.08795637  0.01858173  0.01067286  0.3716677  0.9281185  1.35093
-0.1260651  0.8784355  -0.1508856  0.05224103  -0.08393917  -0.007685939  0.995071  0.08244227  0.8236178  -0.09086186  0.03615911  -0.004940853  0.3364508  0.9409936  1.385313
-0.1257116  0.8776865  -0.1506249  0.05500146  -0.08254644  -0.004062518  0.99506  0.07305769  0.8218375  -0.09419993  0.06140047  -0.03576507  0.2820357  0.9567689  1.409189
-0.1245022  0.8772175  -0.150438  0.05567716  -0.08029211  -0.00322925  0.9952101  0.06628064  0.8237337  -0.09588769  0.08664262  -0.04357272  0.2072718  0.9734645  1.433846
-0.1229498  0.8765449  -0.1498016  0.05623482  -0.08037242  -0.007092233  0.9951521  0.0608824  0.8264269  -0.0972787  0.1032525  -0.04786376  0.1358661  0.9841689  1.463466
-0.1212889  0.8756794  -0.1493772  0.05673531  -0.08076333  -0.01050514  0.9950619  0.05314448  0.8289291  -0.09986438  0.1029831  -0.06235708  0.1006521  0.9876109  1.49394
-0.1196429  0.8750802  -0.1489406  0.05638463  -0.08158863  -0.01773184  0.9949118  0.04768066  0.8328889  -0.1016921  0.1020249  -0.07307975  0.06917355  0.9896794  1.517713
-0.1186169  0.8745133  -0.1484012  0.05680255  -0.08447677  -0.02489552  0.9944935  0.04538237  0.8353083  -0.102623  0.103371  -0.07237515  0.04121774  0.9911496  1.545378
-0.1172003  0.8750833  -0.14857  0.05014744  -0.1023872  -0.05867544  0.9917457  0.04266146  0.8367546  -0.1032449  0.09508205  -0.06803858  0.04607915  0.992072  1.572855
-0.1153975  0.8762687  -0.148641  0.0427385  -0.1111119  -0.08260568  0.9894462  0.04111121  0.8375907  -0.1035503  0.08889778  -0.06200377  0.05356556  0.9926648  1.609831
-0.1122324  0.8781697  -0.1484697  0.03209671  -0.1083165  -0.1057303  0.9879566  0.03977985  0.8380557  -0.1039574  0.09163247  -0.0626156  0.04744865  0.992689  1.631326
-0.1084838  0.8814312  -0.1485267  0.01386428  -0.1163907  -0.1507431  0.9815995  0.03884875  0.8383427  -0.1042813  0.09022428  -0.06267296  0.04751704  0.9928111  1.656958
-0.1051587  0.8839996  -0.1475672  -0.003353084  -0.1273192  -0.1945755  0.9725836  0.0380518  0.8391649  -0.1052715  0.08522198  -0.05870375  0.05551274  0.9930808  1.68916
-0.1008285  0.8862873  -0.1463151  -0.02504766  -0.1481626  -0.2606017  0.9536809  0.03685901  0.8398401  -0.1065587  0.08171613  -0.05681152  0.0636061  0.9930002  1.712097
-0.09731193  0.8881512  -0.1447543  -0.0356229  -0.1566007  -0.2969948  0.9412764  0.03564134  0.8400757  -0.1074488  0.08169195  -0.06076052  0.06393544  0.9927471  1.740365
-0.09532455  0.8888031  -0.1429549  -0.027583  -0.1395128  -0.2837359  0.9482983  0.03408835  0.840593  -0.1092314  0.08044168  -0.06821746  0.06540895  0.9922688  1.770772
-0.093384  0.8895839  -0.1412673  -0.02799637  -0.1400692  -0.2928617  0.9454252  0.03386629  0.8413247  -0.1103409  0.08030646  -0.06882532  0.06425375  0.9923132  1.795881
-0.0934783  0.8870341  -0.1405359  -0.03287885  -0.1490518  -0.3111982  0.9380077  0.03480148  0.8415596  -0.1102751  0.08001734  -0.06759653  0.06415066  0.9924276  1.821305
-0.09221224  0.8882003  -0.1399357  -0.03646879  -0.1515505  -0.3245088  0.9329504  0.03427326  0.8418875  -0.1107042  0.07957581  -0.0683568  0.06353575  0.9924507  1.831124
-0.09192269  0.8875355  -0.1383141  -0.03703885  -0.1575809  -0.3394824  0.9265787  0.03400841  0.8423623  -0.1112326  0.07805435  -0.06968294  0.06363985  0.9924725  1.842519
-0.09235815  0.8862439  -0.1362409  -0.03416586  -0.1631318  -0.3478551  0.9226145  0.03374648  0.8428064  -0.1117748  0.07723751  -0.07103855  0.06377456  0.9924316  1.852886
-0.09287001  0.8846006  -0.1338864  -0.02980438  -0.1691431  -0.3546926  0.9190732  0.03363704  0.8432098  -0.1122801  0.07706622  -0.07183929  0.06316625  0.9924264  1.867287
-0.09311721  0.8823549  -0.1312948  -0.02558461  -0.1736778  -0.3627445  0.9152038  0.03367552  0.8436681  -0.1127867  0.07642559  -0.07206921  0.06204502  0.9925299  1.880291
-0.09279235  0.8803123  -0.1291911  -0.02385267  -0.1750837  -0.3716528  0.9114006  0.03367863  0.8441283  -0.1132855  0.07571908  -0.07329633  0.06016647  0.9926099  1.892105
-0.09284323  0.8767996  -0.1268326  -0.01634117  -0.1707575  -0.3771735  0.9101181  0.0336279  0.8444766  -0.1136019  0.07600905  -0.07359373  0.05898665  0.9926365  1.910401
-0.09280222  0.8732945  -0.1246461  -0.003084265  -0.163589  -0.3809388  0.9100081  0.03343496  0.8449694  -0.1139286  0.07682496  -0.07365256  0.05762844  0.9926492  1.921487
-0.09267896  0.8702415  -0.122752  0.01079372  -0.153068  -0.3802948  0.912047  0.03334504  0.8454418  -0.1142419  0.07672615  -0.07299124  0.05619464  0.9927878  1.934602
-0.09256972  0.8676305  -0.121308  0.02083261  -0.1406149  -0.3782788  0.9147123  0.03325052  0.8459194  -0.1146704  0.07603392  -0.07320514  0.05569589  0.9928533  1.949287
-0.09243082  0.8664911  -0.1203236  0.02022534  -0.1381432  -0.3850351  0.9122804  0.03313269  0.8461634  -0.1148814  0.07501034  -0.07248254  0.05768054  0.9928709  1.961859
-0.09270769  0.8651529  -0.1192622  0.01568095  -0.1405192  -0.3960421  0.9072813  0.0330044  0.8466372  -0.1153367  0.07436584  -0.07315961  0.05826129  0.9928359  1.976045
-0.09333051  0.8637429  -0.1180912  0.00856173  -0.1513242  -0.4181749  0.8956324  0.03287712  0.8473507  -0.1160082  0.07362746  -0.07427344  0.05719727  0.9928701  1.988935
-0.09386548  0.86245  -0.1172273  0.003067898  -0.1598448  -0.4365798  0.8853465  0.03279851  0.8480233  -0.1166598  0.07278129  -0.07554352  0.05540704  0.9929382  2.006298
-0.0945129  0.8611832  -0.1165555  0.0007097591  -0.1623998  -0.4483112  0.8790012  0.0327422  0.8485571  -0.1172074  0.07168765  -0.07568778  0.05503956  0.9930272  2.027039
-0.09557115  0.8612273  -0.1165945  -8.323975E-05  -0.1594925  -0.4486445  0.8793636  0.03285697  0.848855  -0.117506  0.07107222  -0.07557173  0.05568669  0.9930442  2.042912
-0.09586748  0.8601487  -0.1156289  -0.0003769565  -0.1602431  -0.4574736  0.8746657  0.03275266  0.8493963  -0.1179427  0.0704066  -0.07595841  0.05530504  0.9930834  2.053976
-0.09666947  0.8600449  -0.1153038  -0.002655163  -0.1610341  -0.4617442  0.8722692  0.03281501  0.8500143  -0.1183564  0.0695461  -0.07597207  0.05475222  0.9931737  2.064087
-0.09748536  0.8602604  -0.1151894  -0.008109795  -0.1638869  -0.469049  0.8677952  0.03296211  0.8505118  -0.118616  0.06924289  -0.07603913  0.05290497  0.9932899  2.077493
-0.09820463  0.860489  -0.1151931  -0.01559674  -0.1688472  -0.4825154  0.8593175  0.03302612  0.8509629  -0.1187925  0.06898124  -0.07669638  0.05131381  0.993341  2.090856
-0.0988517  0.8608995  -0.1154296  -0.0227687  -0.1743578  -0.4971049  0.8496868  0.03316861  0.8514034  -0.1188731  0.06858075  -0.07694387  0.05042005  0.9933952  2.102259
-0.09958366  0.8616369  -0.115781  -0.02865933  -0.1788  -0.5099506  0.840928  0.03346761  0.8517805  -0.1190396  0.06807629  -0.07659931  0.04926049  0.9935148  2.116818
-0.1004133  0.862754  -0.1163168  -0.0337201  -0.1808876  -0.5171365  0.8358903  0.03383101  0.8520401  -0.1190668  0.06859152  -0.07569697  0.0479202  0.993614  2.133396
-0.1017766  0.8640323  -0.1167401  -0.03509014  -0.1822918  -0.5168837  0.8356851  0.03421458  0.8523904  -0.119107  0.0689507  -0.07469212  0.04610968  0.9937509  2.143844
-0.1036167  0.8653671  -0.1171055  -0.03426803  -0.1843022  -0.5140027  0.8370542  0.03463321  0.8528487  -0.1191359  0.06887169  -0.07327462  0.04454378  0.9939334  2.161242
-0.1052533  0.8668224  -0.117551  -0.034071  -0.1861822  -0.5127978  0.8373852  0.03503245  0.8531575  -0.1190558  0.06884072  -0.07336171  0.0426449  0.9940124  2.172554
-0.1070813  0.8684461  -0.1180367  -0.03544026  -0.1892184  -0.5135584  0.8361807  0.03540501  0.8534547  -0.119054  0.06907003  -0.0724806  0.04155796  0.9941071  2.188628
-0.1084857  0.8700593  -0.118733  -0.03886265  -0.1927879  -0.5181124  0.8323954  0.03583174  0.853838  -0.119231  0.06848626  -0.07221179  0.04080834  0.9941981  2.201795
-0.1101003  0.8718152  -0.1193677  -0.04184835  -0.1965183  -0.5234893  0.8280025  0.03608028  0.8540518  -0.1193397  0.06754137  -0.07199629  0.0416398  0.9942439  2.215587
-0.1114293  0.8735805  -0.1198803  -0.04554161  -0.2005539  -0.5292862  0.8231406  0.03635665  0.8543288  -0.1193781  0.06697451  -0.07187839  0.04183866  0.9942824  2.23404
-0.1130369  0.8757645  -0.1206996  -0.05200788  -0.2047912  -0.535274  0.8178248  0.03675265  0.8547134  -0.1195663  0.06658026  -0.07136131  0.04159337  0.9943563  2.253211
-0.1143562  0.8774503  -0.1213483  -0.05657825  -0.2075481  -0.5385239  0.8146869  0.037076  0.8549277  -0.1196755  0.066489  -0.07195792  0.04069886  0.9943566  2.264499
-0.1160263  0.880154  -0.1224166  -0.06238972  -0.2092723  -0.5414003  0.8119104  0.03758743  0.8553727  -0.1198531  0.06599578  -0.07240693  0.03960711  0.9944009  2.278064
-0.1173161  0.8825818  -0.1233413  -0.06446658  -0.2102158  -0.542616  0.8106919  0.03819304  0.8557036  -0.1199233  0.06613665  -0.07229009  0.03813669  0.9944575  2.290288
-0.1186424  0.8853473  -0.1243513  -0.06884112  -0.2106058  -0.5447376  0.8088059  0.03898172  0.8560574  -0.1199747  0.06656507  -0.07123638  0.03624028  0.9945758  2.300682
-0.1201668  0.8880976  -0.1254416  -0.07383858  -0.2131394  -0.5473584  0.805927  0.0397074  0.8563937  -0.1199633  0.06626511  -0.06992111  0.03523019  0.9947255  2.320121
-0.1223664  0.891036  -0.1260031  -0.0766291  -0.2178415  -0.5505961  0.8021951  0.04029568  0.8567039  -0.1198315  0.06608377  -0.06927886  0.03525371  0.9947817  2.331909
-0.1247704  0.894286  -0.1267265  -0.07975963  -0.2257884  -0.5540538  0.7972971  0.04098076  0.8569762  -0.1196912  0.06603602  -0.06864522  0.03436843  0.9948598  2.350378
-0.1265603  0.8979483  -0.1275446  -0.08296882  -0.2334628  -0.5563412  0.7931556  0.04160745  0.8572935  -0.1197004  0.06605592  -0.06819167  0.03328383  0.9949266  2.36738
-0.1277325  0.9012102  -0.1284451  -0.08764243  -0.2378061  -0.557241  0.7907272  0.04213334  0.8575258  -0.1196963  0.06647145  -0.0679651  0.03163486  0.9949681  2.382922
-0.1295823  0.9055636  -0.1294568  -0.09159056  -0.2417648  -0.5560807  0.7898958  0.04278377  0.8577926  -0.1197648  0.06652414  -0.06752686  0.03068345  0.9950243  2.394633
-0.1309227  0.9096552  -0.1300456  -0.09771818  -0.2448296  -0.5560161  0.7882612  0.0434668  0.8581588  -0.119728  0.06609583  -0.06718671  0.03012457  0.9950928  2.412236
-0.1324952  0.9138532  -0.1312807  -0.1021243  -0.2489612  -0.5575812  0.7852975  0.043942  0.8583908  -0.1196444  0.06537792  -0.06694166  0.02982638  0.9951658  2.424294
-0.1338267  0.9187161  -0.1321217  -0.1104194  -0.2541799  -0.5618213  0.7794596  0.04454891  0.8586146  -0.1195801  0.06539422  -0.06662729  0.02875968  0.9952173  2.448693
-0.13605  0.9251655  -0.1330846  -0.1174328  -0.2631052  -0.5619274  0.7753857  0.04532704  0.858841  -0.1196572  0.06573164  -0.06595201  0.02767919  0.9952706  2.462028
-0.1375714  0.9302139  -0.1344879  -0.1225718  -0.2681117  -0.563277  0.7718881  0.04595339  0.8591304  -0.1196861  0.06570673  -0.06551605  0.02684491  0.995324  2.474552
-0.1418608  0.9437326  -0.1375152  -0.1357956  -0.2837203  -0.5618001  0.7651426  0.04747352  0.8598667  -0.1196302  0.06495036  -0.06375773  0.02453563  0.9955473  2.487091
-0.1415889  0.9418911  -0.1361478  -0.1358099  -0.2793381  -0.5568132  0.7703798  0.0470111  0.8596044  -0.1196538  0.06441844  -0.06452808  0.02548787  0.9955084  2.507738
-0.1431344  0.9475272  -0.1376327  -0.1412877  -0.2841283  -0.5563641  0.7679635  0.04759685  0.8598961  -0.1196789  0.06416395  -0.06406252  0.02473816  0.9955736  2.520819
-0.145378  0.9551182  -0.1392773  -0.1478417  -0.2866814  -0.5521638  0.768812  0.04806772  0.8601201  -0.1196458  0.06384088  -0.0642778  0.02413637  0.9955953  2.534494
-0.1478914  0.961233  -0.1403756  -0.1512851  -0.2887214  -0.5459879  0.7717838  0.04848766  0.8603483  -0.1197302  0.06378655  -0.06301343  0.02427356  0.9956764  2.552965
-0.1538069  0.9729382  -0.142087  -0.1576305  -0.2990652  -0.5324168  0.7760444  0.04906721  0.8605273  -0.1197625  0.06325375  -0.06299632  0.02451944  0.9957054  2.564633
-0.1587862  0.9825225  -0.1437534  -0.1637292  -0.3108921  -0.5226108  0.7767992  0.04972776  0.860749  -0.1197455  0.06308176  -0.06267861  0.02439933  0.9957393  2.576636
-0.1625058  0.9899208  -0.1452464  -0.1693325  -0.3223514  -0.5168335  0.7747898  0.05026139  0.8609827  -0.1197744  0.06298851  -0.06240732  0.02386561  0.9957752  2.591685
-0.1659587  0.9976335  -0.146932  -0.176379  -0.3323458  -0.5129501  0.7715694  0.05086873  0.8612716  -0.1198561  0.06252474  -0.06207759  0.02328023  0.995839  2.603721
-0.169819  1.005849  -0.1490082  -0.1850736  -0.3416243  -0.5108275  0.7668741  0.05138369  0.8614916  -0.1199637  0.06245776  -0.06183267  0.02300189  0.9958647  2.613864
-0.1743667  1.013759  -0.1507595  -0.1912955  -0.3494418  -0.5062297  0.7648712  0.05195931  0.8617384  -0.1200661  0.06183736  -0.06164656  0.02282253  0.9959192  2.628145
-0.1799404  1.021354  -0.1520547  -0.1950613  -0.3589045  -0.4993958  0.7640304  0.05268361  0.861931  -0.1201926  0.06139778  -0.0612616  0.02210036  0.9959863  2.649458
-0.1856202  1.029171  -0.153638  -0.2000964  -0.368785  -0.4927165  0.7623579  0.05342481  0.8621334  -0.1203098  0.06121762  -0.06068887  0.0215464  0.9960448  2.661484
-0.1911183  1.037424  -0.1562907  -0.2069353  -0.3799824  -0.4853451  0.7597575  0.05412453  0.8623495  -0.1204045  0.06088898  -0.06023379  0.02064919  0.9961115  2.670451
-0.1969655  1.045958  -0.1594651  -0.2130164  -0.3941096  -0.4765915  0.756414  0.0547582  0.8625463  -0.1205249  0.06048387  -0.05990785  0.01990459  0.9961709  2.686617
-0.2032732  1.054593  -0.1630851  -0.2176216  -0.4109858  -0.4662409  0.7525629  0.05531908  0.8626366  -0.1205583  0.06058009  -0.0594172  0.01963867  0.9961998  2.697721
-0.209137  1.062726  -0.1666845  -0.22296  -0.4272402  -0.4571581  0.7475032  0.05602596  0.8627858  -0.1206465  0.06051397  -0.05882012  0.01854409  0.9962602  2.713427
-0.2146182  1.07049  -0.1703749  -0.2291821  -0.4424306  -0.4478696  0.7423905  0.0567569  0.8628955  -0.1207055  0.06070701  -0.05849584  0.01693561  0.9962962  2.734658
-0.2194825  1.076919  -0.1740552  -0.2347139  -0.4546448  -0.4388128  0.7386819  0.05734377  0.862929  -0.1207315  0.06107324  -0.05835108  0.01526456  0.9963093  2.746967
-0.2253782  1.085086  -0.1785621  -0.2407287  -0.468825  -0.4274703  0.7345216  0.05789832  0.8629201  -0.12073  0.06124333  -0.0584526  0.01400693  0.9963115  2.761921
-0.2303042  1.09152  -0.1826715  -0.2449849  -0.4801553  -0.4170572  0.7317763  0.05812192  0.8628753  -0.1207813  0.06145139  -0.05820315  0.01446905  0.9963065  2.774753
-0.235415  1.098234  -0.1871867  -0.2503264  -0.4911181  -0.4056909  0.729078  0.05825399  0.8628264  -0.1206977  0.06142095  -0.05805251  0.01536935  0.9963037  2.788506
-0.2399145  1.104442  -0.1916393  -0.2561891  -0.5004843  -0.3943725  0.7268788  0.05861346  0.8629235  -0.1207941  0.06133319  -0.05761668  0.01590275  0.9963261  2.799551
-0.2443305  1.110449  -0.1960993  -0.2622656  -0.5094615  -0.3826454  0.7247403  0.05898942  0.8629752  -0.1208042  0.06112678  -0.05752041  0.01587963  0.9963447  2.810932
-0.2486461  1.116025  -0.2003022  -0.2682347  -0.5173055  -0.371374  0.7228601  0.05938708  0.8630762  -0.1208168  0.06092493  -0.05778742  0.01539339  0.9963493  2.825687
-0.2530014  1.121264  -0.2042761  -0.2729615  -0.5243722  -0.3603121  0.7215962  0.05987386  0.8631983  -0.1208192  0.06095305  -0.05756832  0.0151883  0.9963634  2.837268
-0.2572032  1.126262  -0.2079417  -0.2765366  -0.5309892  -0.3507822  0.7200903  0.06038876  0.8633754  -0.1208843  0.06053234  -0.05711687  0.0151826  0.9964152  2.858947
-0.2614966  1.131325  -0.2115057  -0.2797946  -0.5375275  -0.3430841  0.7176856  0.06087683  0.8635722  -0.1209258  0.060073  -0.05683517  0.01519364  0.9964588  2.873118
-0.2654335  1.135989  -0.2148152  -0.2823379  -0.5446147  -0.3378227  0.7138319  0.06138644  0.8637466  -0.1209882  0.05966454  -0.05649383  0.01475607  0.9965094  2.883377
-0.2695036  1.1408  -0.2183679  -0.2845342  -0.552888  -0.33185  0.7093877  0.0618754  0.8638325  -0.1210426  0.05978101  -0.05622135  0.01381174  0.9965314  2.894874
-0.2733527  1.14544  -0.2220155  -0.2885521  -0.560857  -0.3252332  0.7045569  0.06222256  0.8639631  -0.1210792  0.06006747  -0.05624307  0.01319594  0.9965212  2.906532
-0.2771932  1.149975  -0.2257173  -0.2938982  -0.5684005  -0.318438  0.699387  0.06247257  0.8641084  -0.1211451  0.05990733  -0.05643299  0.01307407  0.9965218  2.922094
-0.2811938  1.15433  -0.2294211  -0.2978832  -0.575995  -0.3109043  0.6948625  0.06266887  0.8642486  -0.1212222  0.05979785  -0.05637658  0.01342187  0.9965269  2.932634
-0.2851007  1.158353  -0.2329989  -0.3005877  -0.5826682  -0.3032162  0.6915235  0.06295449  0.8644666  -0.1213552  0.05950292  -0.05629688  0.01342566  0.996549  2.948595
-0.2889288  1.162285  -0.2367243  -0.3022239  -0.589648  -0.2942689  0.6887538  0.06319234  0.8647358  -0.1214629  0.05891344  -0.0560547  0.01411837  0.9965882  2.965111
-0.2923491  1.165927  -0.2404774  -0.3041751  -0.5960901  -0.2857659  0.6859242  0.06349445  0.8649485  -0.121598  0.05845419  -0.05616168  0.01366659  0.9966155  2.976724
-0.2955039  1.169242  -0.2439032  -0.3063393  -0.6008309  -0.2770334  0.6844057  0.0637795  0.865207  -0.1217204  0.05820252  -0.05632918  0.01354825  0.9966224  2.990541
-0.2984004  1.172545  -0.247584  -0.3097958  -0.6058382  -0.2673408  0.6822872  0.06416063  0.8655027  -0.1218384  0.05774427  -0.05620733  0.01318439  0.9966608  3.008011
-0.3009332  1.175669  -0.2513408  -0.315594  -0.6094755  -0.2575564  0.6801505  0.06445798  0.8657227  -0.1219247  0.05777639  -0.05586905  0.01304953  0.9966795  3.01877
-0.3028744  1.178546  -0.2553268  -0.3218149  -0.6126536  -0.2474322  0.6781359  0.06475872  0.866043  -0.1220291  0.05725987  -0.05548061  0.01290852  0.9967331  3.030589
-0.3046309  1.181014  -0.2591309  -0.3280224  -0.6156662  -0.2372079  0.6760836  0.0649799  0.8662627  -0.1221027  0.05701178  -0.05528005  0.01274888  0.9967604  3.045246
-0.3063874  1.182975  -0.2622769  -0.3327602  -0.6185645  -0.2287103  0.6740478  0.06516768  0.8664347  -0.1221752  0.05697749  -0.05543183  0.01241006  0.9967583  3.065215
-0.3087683  1.184977  -0.2652624  -0.3360795  -0.6219819  -0.2192633  0.6723936  0.06543424  0.8667151  -0.1222667  0.05656272  -0.05560553  0.01230998  0.9967734  3.075787
-0.3108453  1.186605  -0.2678443  -0.338529  -0.6260803  -0.2115601  0.6698238  0.06576803  0.8669647  -0.1223339  0.05613363  -0.05564101  0.01200527  0.9967994  3.090017
-0.3126056  1.187802  -0.269945  -0.3404301  -0.6289371  -0.2061775  0.6678595  0.06608949  0.8671819  -0.1223462  0.05586424  -0.05546584  0.01189336  0.9968256  3.103121
-0.3139788  1.188761  -0.2715603  -0.3409147  -0.6315305  -0.2023579  0.6663315  0.06639639  0.8674002  -0.122361  0.05580858  -0.05511285  0.01157206  0.9968522  3.11515
-0.3151505  1.189305  -0.2726703  -0.3397619  -0.6330599  -0.1998535  0.666225  0.06674217  0.8676648  -0.1223539  0.05572442  -0.05465062  0.01126701  0.9968858  3.132296
-0.3163311  1.189974  -0.2741395  -0.3394525  -0.6343377  -0.1969121  0.666043  0.06706104  0.8679189  -0.1223437  0.05540575  -0.05413303  0.01126756  0.9969318  3.142839
-0.3172712  1.190384  -0.2758804  -0.3425515  -0.6340896  -0.1915515  0.6662558  0.06735496  0.8682033  -0.1223333  0.05497314  -0.05355805  0.01160377  0.9969829  3.167128
-0.3181381  1.190433  -0.2771816  -0.3459021  -0.6325178  -0.1850598  0.6678516  0.06758327  0.8684856  -0.1223324  0.05431357  -0.05320727  0.01178766  0.9970357  3.177487
-0.3194267  1.190213  -0.2787077  -0.3487812  -0.6311709  -0.1769661  0.6698194  0.06781882  0.8687242  -0.1222862  0.05433451  -0.05311533  0.01157016  0.9970421  3.192311
-0.3202648  1.189344  -0.2790256  -0.3480523  -0.6305192  -0.1703022  0.6725343  0.06800596  0.8690001  -0.1222757  0.05438239  -0.05326217  0.01097813  0.9970382  3.205361
-0.3208608  1.188214  -0.2788337  -0.3446204  -0.6297072  -0.1654026  0.676275  0.06821688  0.8693095  -0.1222587  0.05411639  -0.05335758  0.01056313  0.9970521  3.215117
-0.3210839  1.186816  -0.2782828  -0.3405248  -0.6283349  -0.1628077  0.6802441  0.06845717  0.8696335  -0.1222275  0.05393383  -0.05292683  0.01020304  0.9970887  3.23823
-0.3207088  1.18459  -0.2768977  -0.3351095  -0.6245508  -0.1599818  0.6870545  0.06866846  0.8699761  -0.1222059  0.05337812  -0.05231218  0.009833492  0.9971548  3.249352
-0.3193662  1.182336  -0.2746041  -0.3304611  -0.6175017  -0.1583993  0.6959863  0.06861049  0.870168  -0.1222233  0.05302443  -0.05226427  0.009842106  0.9971761  3.271177
-0.3200968  1.18104  -0.2742177  -0.3284637  -0.6152903  -0.1540265  0.6998609  0.06881184  0.8704982  -0.1222019  0.05267822  -0.0520133  0.009612087  0.9972097  3.283547
-0.3188654  1.178673  -0.2717213  -0.3243533  -0.608392  -0.151427  0.7083248  0.0687429  0.8706317  -0.1222322  0.0524819  -0.05206354  0.009678505  0.9972168  3.294347
-0.3170329  1.174466  -0.2676966  -0.3191759  -0.5960299  -0.1450575  0.7223804  0.0687738  0.8710611  -0.1222718  0.0519607  -0.0519518  0.009638985  0.9972503  3.305573
-0.3145015  1.170955  -0.2640725  -0.3150182  -0.5832592  -0.1420048  0.7351238  0.06879468  0.871387  -0.1223426  0.05148946  -0.05185508  0.00953616  0.9972807  3.322957
-0.3113558  1.167145  -0.2599676  -0.3113313  -0.5694528  -0.1425281  0.7473167  0.06878752  0.8717406  -0.122457  0.0509562  -0.05194639  0.009242298  0.9973063  3.331987
-0.3077924  1.163046  -0.2554802  -0.307473  -0.556587  -0.1461645  0.7578306  0.068784  0.8720319  -0.1225414  0.05061629  -0.0521524  0.008790432  0.9973169  3.346922
-0.3046203  1.158884  -0.2509308  -0.3018838  -0.5449299  -0.1510267  0.767534  0.0687667  0.872311  -0.1225833  0.0502631  -0.0521485  0.009009366  0.9973329  3.358878
-0.3012207  1.153894  -0.2458565  -0.2946543  -0.5320624  -0.1538061  0.7787376  0.0687531  0.8727421  -0.1227292  0.04929701  -0.05208778  0.009264454  0.997382  3.372139
-0.2975889  1.147861  -0.2407331  -0.2878872  -0.5170211  -0.1482183  0.7923645  0.06876209  0.8730945  -0.1228113  0.04875539  -0.05216991  0.009569704  0.9974014  3.388881
-0.2929094  1.141405  -0.2354744  -0.2803338  -0.4993837  -0.1429377  0.8072161  0.06879796  0.8735409  -0.1229681  0.04807636  -0.05219666  0.009900349  0.9974298  3.399168
-0.2878015  1.135454  -0.2305254  -0.272325  -0.4816981  -0.1439385  0.8204193  0.0689419  0.874219  -0.1231438  0.04643697  -0.0522542  0.01025067  0.9975008  3.416942
-0.2824891  1.129096  -0.2260888  -0.2655168  -0.4648037  -0.1453287  0.8320686  0.06919871  0.8746908  -0.1232383  0.04540267  -0.05194476  0.01015631  0.9975657  3.4287
-0.277225  1.122054  -0.2218879  -0.2602425  -0.4486558  -0.1440768  0.8427477  0.06955732  0.8752095  -0.1233605  0.04435628  -0.05099445  0.01014729  0.9976618  3.441125
-0.2723602  1.113822  -0.21784  -0.2530644  -0.4323057  -0.1325321  0.855281  0.0700253  0.8759085  -0.1235021  0.04295843  -0.0497768  0.01074518  0.9977782  3.458159
-0.2672334  1.104954  -0.2152063  -0.2390583  -0.4167505  -0.1169965  0.8691847  0.07070398  0.8765768  -0.1236668  0.04094218  -0.04837259  0.01121115  0.997927  3.480066
-0.2617629  1.097233  -0.2091497  -0.2306956  -0.4009772  -0.1113845  0.8795399  0.07105955  0.877153  -0.1237696  0.03991282  -0.04773999  0.01148142  0.9979961  3.492194
-0.2554917  1.089402  -0.2045607  -0.2192613  -0.3881853  -0.1157342  0.887605  0.07171028  0.8777416  -0.1239361  0.03870399  -0.04647497  0.01204116  0.9980968  3.510119
-0.2512448  1.0841  -0.2019722  -0.2119638  -0.3821441  -0.1241378  0.8908576  0.07224051  0.8780988  -0.1240151  0.03798968  -0.04554443  0.01183339  0.9981696  3.521155
-0.245116  1.074127  -0.1966115  -0.2012295  -0.3707005  -0.1222686  0.8984087  0.0730802  0.8787898  -0.1242865  0.03747911  -0.04396155  0.01246689  0.998252  3.532265
-0.2410038  1.065972  -0.1929688  -0.1930222  -0.3617032  -0.1087881  0.9055819  0.07376149  0.8793224  -0.1245523  0.0361211  -0.04344864  0.01269462  0.9983218  3.542881
-0.2364341  1.057336  -0.1890952  -0.1831621  -0.3541958  -0.08868742  0.9127604  0.07435734  0.8798705  -0.124679  0.03468016  -0.04254655  0.01408049  0.9983931  3.555871
-0.2304621  1.049291  -0.1847711  -0.1712902  -0.3453147  -0.08038326  0.9192148  0.07500058  0.8802831  -0.1246887  0.0338184  -0.04170193  0.01486656  0.9984469  3.570934
-0.2219453  1.040181  -0.1792337  -0.1563565  -0.3333122  -0.08769463  0.9256162  0.07579958  0.8805483  -0.1245135  0.03367385  -0.04018939  0.015133  0.9985099  3.583882
-0.2140827  1.032205  -0.1749905  -0.1452712  -0.321542  -0.1008145  0.9302385  0.07646806  0.8808496  -0.124463  0.03364073  -0.03876163  0.01573814  0.9985582  3.601158
-0.2057223  1.023635  -0.1713887  -0.132999  -0.3071442  -0.1165119  0.9350929  0.07717327  0.8813455  -0.124488  0.03283525  -0.03629579  0.01761949  0.9986461  3.611835
-0.1982318  1.01527  -0.1684155  -0.1201447  -0.2919356  -0.1213967  0.9410642  0.07784939  0.8818222  -0.1245088  0.03167375  -0.03425937  0.01969727  0.9987168  3.62628
-0.191622  1.007053  -0.1659179  -0.1082485  -0.2779132  -0.1101298  0.948113  0.07854521  0.8822675  -0.1244633  0.03051247  -0.03231971  0.02225522  0.9987639  3.640174
-0.1856869  0.9993607  -0.1639361  -0.09797677  -0.264985  -0.0868485  0.9553224  0.07921411  0.8827166  -0.1244255  0.02902775  -0.02993742  0.02508788  0.9988152  3.652615
-0.1792671  0.9921168  -0.1616001  -0.08652858  -0.2507946  -0.06625059  0.9618866  0.07990855  0.8831344  -0.124321  0.02751334  -0.02721076  0.02795864  0.9988598  3.667207
-0.172544  0.9875934  -0.1602653  -0.07780768  -0.2344757  -0.06920946  0.9665285  0.08021774  0.8835745  -0.1242292  0.02564275  -0.02223757  0.03242813  0.9988976  3.694732
-0.1645507  0.9788089  -0.1562875  -0.06706094  -0.2203745  -0.06427942  0.9709821  0.08114164  0.8841475  -0.1241531  0.02438904  -0.01970679  0.03480694  0.998902  3.708342
-0.1609757  0.9751206  -0.1546934  -0.05955595  -0.2113525  -0.06739738  0.973263  0.08135533  0.8846509  -0.1242006  0.02291478  -0.01784361  0.03730122  0.998882  3.71874
-0.1540976  0.9669055  -0.1519611  -0.04804213  -0.2025426  -0.06003828  0.9762501  0.08208761  0.8854219  -0.1242282  0.02157239  -0.01578557  0.03953189  0.9988608  3.728172
-0.1497356  0.9614129  -0.1502047  -0.03879373  -0.1981011  -0.05062805  0.9781042  0.08256713  0.8862306  -0.1242767  0.02065156  -0.01507924  0.03964204  0.9988867  3.742576
-0.1385877  0.9489627  -0.1455819  -0.0154672  -0.179891  -0.02770466  0.9831747  0.08404106  0.8886638  -0.1245562  0.01788578  -0.01350558  0.03865647  0.9990011  3.754127
-0.1366113  0.9477541  -0.1446841  -0.009831078  -0.1711041  -0.02359309  0.9849214  0.08448227  0.8894719  -0.124605  0.01757655  -0.01285314  0.0363128  0.9991033  3.767093
-0.132303  0.943743  -0.142555  -4.877991E-05  -0.1573194  -0.01350519  0.9874555  0.08533001  0.8910992  -0.1247308  0.01598827  -0.01043998  0.03510826  0.9992012  3.786642
-0.1286393  0.9398081  -0.140676  0.01015832  -0.1441319  0.001080553  0.9895059  0.08614153  0.8928398  -0.1245243  0.0145247  -0.007971001  0.03211203  0.9993471  3.798454
-0.1256364  0.9362072  -0.1388406  0.01919535  -0.1342412  0.01751928  0.9906079  0.08676603  0.8949729  -0.124532  0.01202637  -0.005144663  0.03044549  0.9994509  3.810151
-0.1227421  0.9328577  -0.1372645  0.02866863  -0.127501  0.02981329  0.9909757  0.08708315  0.8970308  -0.1244989  0.008620285  -0.003158832  0.02988805  0.9995112  3.831498
-0.1195835  0.9301535  -0.1357054  0.03581022  -0.1234029  0.03593582  0.9910591  0.08706149  0.8992603  -0.1247407  0.003854252  -0.001447786  0.0319867  0.9994799  3.841439
-0.1161595  0.9281492  -0.1344291  0.03910088  -0.1202487  0.03400595  0.9913905  0.0866068  0.9016889  -0.125167  -0.003072777  0.0008559525  0.03820137  0.9992651  3.853034
-0.1128973  0.9266083  -0.1329855  0.04028947  -0.1165625  0.0291786  0.9919368  0.0857931  0.9043109  -0.1255307  -0.01113675  0.004172562  0.04791055  0.9987808  3.865474
-0.1098621  0.9256105  -0.1319896  0.03975541  -0.1143389  0.02483574  0.9923353  0.08487932  0.9069778  -0.1257343  -0.01800993  0.008000197  0.05708868  0.9981746  3.879997
-0.1071796  0.9250814  -0.1312027  0.03910125  -0.1110846  0.02524094  0.9927206  0.08378825  0.9099304  -0.1260282  -0.02473573  0.01181694  0.06449704  0.9975414  3.900769
-0.1044211  0.9246402  -0.1305103  0.04040986  -0.1043522  0.02917011  0.993291  0.08270583  0.912764  -0.1264197  -0.03144351  0.01395699  0.06912524  0.9970146  3.916889
-0.1017882  0.9243931  -0.1296672  0.04099071  -0.0967761  0.03324744  0.9939058  0.08132628  0.915801  -0.1269177  -0.03844006  0.01424214  0.07352462  0.9964505  3.930569
-0.09911565  0.9243058  -0.1289681  0.04140165  -0.09045875  0.03581549  0.9943945  0.07974522  0.9189864  -0.1273963  -0.0443573  0.01255617  0.07652227  0.9960017  3.941964
-0.09718221  0.9247378  -0.1283976  0.04148791  -0.08554336  0.03736721  0.9947687  0.07822096  0.9220318  -0.1278604  -0.04877602  0.008797701  0.07538918  0.9959217  3.951211
-0.09588696  0.925458  -0.1278882  0.0405403  -0.08457584  0.03977903  0.9947971  0.07637408  0.9251657  -0.1280816  -0.05204493  0.003608556  0.07254027  0.9960002  3.965123
-0.09450377  0.926033  -0.1274923  0.039656  -0.08465005  0.04157208  0.994753  0.0746972  0.9280515  -0.1282072  -0.05504661  -2.466701E-05  0.07170878  0.9959056  3.978694
-0.09301164  0.9269668  -0.1271244  0.03720997  -0.08588175  0.04134664  0.9947513  0.07276408  0.9313014  -0.1282484  -0.05877619  -0.00309144  0.07093613  0.9957429  3.991453
-0.09135327  0.927954  -0.1268555  0.03531135  -0.08689977  0.03988063  0.994792  0.07085682  0.9344361  -0.1282116  -0.06312293  -0.002532735  0.07157207  0.9954328  4.005108
-0.08973601  0.9290148  -0.1266093  0.03252564  -0.08680068  0.03857554  0.9949471  0.06893442  0.937306  -0.1281293  -0.06751233  -0.00240716  0.0713616  0.9951603  4.020427
-0.08825825  0.930134  -0.126376  0.02902979  -0.08652431  0.03667349  0.9951513  0.06691694  0.9399908  -0.1280929  -0.07180768  -0.003089711  0.0708923  0.9948912  4.034317
-0.0869488  0.9311312  -0.1260914  0.02689782  -0.0853366  0.03678271  0.9953096  0.06465331  0.9424833  -0.1279827  -0.07515914  -0.005585169  0.06963669  0.9947214  4.046481
-0.0859198  0.9321728  -0.1257759  0.02534219  -0.08443119  0.03948814  0.9953241  0.06235875  0.9447451  -0.1279134  -0.07672562  -0.009877672  0.06613621  0.9948075  4.063161
-0.08469566  0.9329907  -0.1255966  0.02407314  -0.08388221  0.04208918  0.9952953  0.05998093  0.9468987  -0.1278917  -0.07790645  -0.01457071  0.06176195  0.9949391  4.075775
-0.08339217  0.9337768  -0.1254309  0.02330101  -0.08331439  0.04369514  0.9952922  0.05746037  0.9488309  -0.1278003  -0.07971276  -0.01829436  0.05930264  0.9948841  4.093021
-0.08211987  0.934532  -0.1254822  0.02379977  -0.08195522  0.0444547  0.9953597  0.05461136  0.9492944  -0.1276296  -0.08028253  -0.02071363  0.06103035  0.9946864  4.121622
-0.08060474  0.9353918  -0.1251529  0.0229392  -0.08077072  0.04558782  0.9954254  0.05205789  0.9516706  -0.127615  -0.08273865  -0.02326154  0.06027124  0.9944751  4.132249
-0.07981315  0.935815  -0.125319  0.02222241  -0.07896154  0.04458015  0.9956324  0.05060167  0.9517245  -0.1276713  -0.08366103  -0.02451885  0.06185659  0.9942703  4.147865
-0.07769749  0.9370666  -0.1253408  0.0196314  -0.07535648  0.0433152  0.996022  0.04686328  0.9535562  -0.1278066  -0.08603343  -0.02848525  0.06345072  0.9938617  4.160284
-0.07601331  0.9380413  -0.1255723  0.01735526  -0.0724288  0.04174644  0.9963484  0.04382576  0.9549329  -0.1279953  -0.08836028  -0.03188694  0.0651763  0.9934425  4.174493
-0.07494105  0.9389248  -0.1257665  0.01511703  -0.07051144  0.04118841  0.9965456  0.04138356  0.9558823  -0.128179  -0.09052429  -0.03463849  0.06651809  0.9930664  4.18402
-0.07431249  0.9395716  -0.1258475  0.01385874  -0.06997558  0.04232582  0.9965541  0.03935336  0.9565371  -0.1283154  -0.09191665  -0.03762965  0.06793747  0.9927335  4.194874
-0.07397155  0.9401029  -0.1258834  0.01380964  -0.0700504  0.04456075  0.996452  0.03772359  0.9571772  -0.1284632  -0.09292787  -0.04092794  0.06859195  0.9924638  4.209826
-0.07370585  0.9406216  -0.1258786  0.0138755  -0.069949  0.04637539  0.9963754  0.0369624  0.9580748  -0.1285242  -0.09493909  -0.043134  0.06774966  0.9922379  4.222198
-0.07340837  0.9411774  -0.1259008  0.01347271  -0.06966571  0.04704192  0.9963696  0.03679791  0.9591417  -0.128476  -0.09729061  -0.04248679  0.06681702  0.9921013  4.237333
-0.07308402  0.9417931  -0.1260206  0.012493  -0.06929002  0.04657652  0.9964303  0.03742452  0.9601653  -0.1282284  -0.09803154  -0.0401141  0.0655304  0.9922129  4.249872
-0.07304156  0.9429608  -0.1261658  0.009643828  -0.06819672  0.04612733  0.9965583  0.04059837  0.9628297  -0.1276633  -0.1009267  -0.03204824  0.06702989  0.9921158  4.270657
-0.07304167  0.9429607  -0.1261658  0.009644067  -0.06819687  0.04612727  0.9965583  0.0405984  0.9628296  -0.1276633  -0.1009265  -0.03204829  0.06702988  0.9921158  4.280335
-0.07354265  0.9433848  -0.1262363  0.009114392  -0.06874038  0.04690911  0.9964895  0.04289701  0.9642707  -0.1272983  -0.1036346  -0.02833058  0.06593061  0.9920233  4.29352
-0.074032  0.9438112  -0.1262383  0.008508431  -0.06946331  0.04779842  0.9964024  0.04630281  0.9657591  -0.1265172  -0.1043782  -0.02417713  0.06037801  0.9924088  4.312554
-0.07465601  0.9440662  -0.1263103  0.008262332  -0.0705459  0.04860413  0.9962895  0.05021295  0.9670134  -0.1255392  -0.1033054  -0.01979145  0.05243482  0.9930694  4.327202
-0.07533002  0.9443211  -0.1264139  0.00812076  -0.07107456  0.04920441  0.9962236  0.05478636  0.9682198  -0.1244419  -0.1027238  -0.01404518  0.04628693  0.9935331  4.337864
-0.07608737  0.9446745  -0.1265476  0.007989221  -0.07142766  0.05048602  0.9961352  0.05894955  0.9692835  -0.1234196  -0.1028051  -0.008001564  0.04244733  0.9937632  4.34693
-0.07739519  0.9450361  -0.1266583  0.007792225  -0.07264286  0.05298735  0.995919  0.06444879  0.9701563  -0.1220312  -0.1019981  0.0001096977  0.03823617  0.9940495  4.365213
-0.07843748  0.9453182  -0.1268722  0.007031824  -0.07419797  0.0533486  0.9957908  0.0698953  0.9708032  -0.120748  -0.1017188  0.008415027  0.03427649  0.994187  4.378401
-0.07949575  0.9455581  -0.1270683  0.006057478  -0.07529135  0.05301167  0.9957331  0.075496  0.9713463  -0.1194787  -0.1017643  0.01661604  0.03121756  0.9941799  4.393345
-0.08063336  0.9456962  -0.1272419  0.005493496  -0.07710604  0.05312828  0.9955912  0.08127758  0.9717093  -0.1182377  -0.1010578  0.02438236  0.02787972  0.9941909  4.406891
-0.08180179  0.9457822  -0.1274099  0.005377125  -0.07831394  0.05395984  0.9954529  0.0876084  0.9718317  -0.1169028  -0.09969448  0.03194297  0.02339971  0.99423  4.422176
-0.08288885  0.9458029  -0.1275897  0.005542728  -0.0794626  0.05499529  0.9953043  0.09383392  0.9716786  -0.1155964  -0.09732784  0.03923818  0.01794327  0.9943167  4.431436
-0.08397039  0.9458606  -0.12773  0.005959673  -0.07917292  0.05561427  0.9952905  0.1002691  0.9712338  -0.114269  -0.09399299  0.04644197  0.01134153  0.9944243  4.443362
-0.08512168  0.945977  -0.127938  0.005993878  -0.07828464  0.05642288  0.9953151  0.106736  0.9706631  -0.1131035  -0.09091985  0.05333544  0.004919898  0.9944168  4.459213
-0.08646494  0.9460414  -0.1280942  0.006660288  -0.07715891  0.05871835  0.995266  0.1131557  0.9699764  -0.1120297  -0.0875959  0.05943368  -0.002393507  0.9943787  4.472253
-0.08830994  0.9460818  -0.128342  0.007063757  -0.07817243  0.06243871  0.9949576  0.117722  0.9686385  -0.111647  -0.08261617  0.06401894  -0.01169036  0.9944544  4.498149
-0.09007657  0.9462014  -0.1285151  0.006876379  -0.08043966  0.06377143  0.9946936  0.123895  0.9674682  -0.1110415  -0.07987739  0.07043743  -0.01583309  0.9941869  4.523344
-0.0915175  0.9462995  -0.1286771  0.006894474  -0.08125435  0.065256  0.994531  0.1304594  0.9666127  -0.1101013  -0.07732215  0.07658236  -0.02142189  0.9938297  4.533298
-0.09460785  0.9463413  -0.1289407  0.005464004  -0.08744205  0.06423117  0.9940817  0.1395997  0.9634612  -0.1095875  -0.07407531  0.08813848  -0.02117336  0.9931245  4.546171
-0.09701152  0.9464032  -0.1291325  0.004495092  -0.09048431  0.06330186  0.9938739  0.1478058  0.9607828  -0.1090999  -0.07082503  0.09804684  -0.02209963  0.9924123  4.561171
-0.09875046  0.9463235  -0.129235  0.003444793  -0.09225304  0.06305069  0.9937314  0.1531193  0.958488  -0.1090233  -0.06876828  0.1059668  -0.02124433  0.9917613  4.570622
-0.1007739  0.9460596  -0.1292992  0.00297115  -0.09338288  0.06375119  0.9935827  0.1589633  0.9554185  -0.1088697  -0.06436881  0.1147688  -0.0220983  0.9910583  4.580472
-0.1021795  0.9459187  -0.1293839  0.00262445  -0.09433618  0.06427782  0.9934598  0.163089  0.9527697  -0.1087455  -0.06074407  0.1202122  -0.02368495  0.9906051  4.593427
-0.1040267  0.9455753  -0.1294546  0.002096833  -0.09568678  0.06544784  0.9932554  0.1676483  0.9493869  -0.1086179  -0.0563107  0.1252695  -0.02701821  0.9901548  4.611439
-0.1058786  0.945087  -0.1295125  0.001743057  -0.0978592  0.06602796  0.9930059  0.1715756  0.9455135  -0.1086928  -0.05154382  0.1279767  -0.03074402  0.9899597  4.624125
-0.1078156  0.9443903  -0.1295337  0.001234572  -0.1003655  0.06613544  0.9927495  0.1751577  0.9416972  -0.1088715  -0.04807379  0.1304047  -0.03086029  0.9898137  4.636464
-0.1098706  0.9434662  -0.1294881  0.001237874  -0.1030146  0.06549297  0.9925206  0.178662  0.9376081  -0.1090784  -0.04363341  0.1337945  -0.02906005  0.9896215  4.652406
-0.1119824  0.9423368  -0.1293976  0.002521895  -0.1053265  0.06515292  0.9922979  0.1820177  0.9331833  -0.1093025  -0.03862822  0.1378427  -0.02676511  0.9893387  4.662389
-0.1139804  0.9411535  -0.1292931  0.004125866  -0.1073432  0.06489208  0.9920934  0.1851008  0.9287174  -0.1093469  -0.03375917  0.142017  -0.02342704  0.9890109  4.677576
-0.1161214  0.9398964  -0.129261  0.004350071  -0.1096578  0.06426376  0.9918804  0.1885114  0.9239807  -0.1094309  -0.02839827  0.1475598  -0.02051987  0.9884325  4.691524
-0.1182751  0.9384934  -0.1292628  0.004470474  -0.112413  0.06363633  0.9916117  0.1918767  0.9190164  -0.1095823  -0.02326243  0.1535604  -0.01876356  0.9876872  4.709177
-0.1204236  0.9362771  -0.1290589  0.005587733  -0.1146359  0.06371527  0.9913465  0.1936643  0.9135666  -0.1097247  -0.01607716  0.1592536  -0.01649808  0.9869689  4.732247
-0.1226949  0.9350694  -0.1290984  0.006015611  -0.1168216  0.06363429  0.991094  0.1977254  0.9086173  -0.1099367  -0.01105147  0.1643431  -0.01541808  0.9862209  4.747473
-0.12446  0.9332644  -0.1289904  0.007419955  -0.1179234  0.06282698  0.9910055  0.1994861  0.9039754  -0.11022  -0.004988548  0.1667602  -0.01338864  0.985894  4.758767
-0.1267522  0.9310257  -0.1289387  0.00918328  -0.1193751  0.06211329  0.9908618  0.2019638  0.8981473  -0.1107753  0.003502582  0.1674646  -0.01310166  0.9857848  4.769182
-0.1289498  0.9286215  -0.1289067  0.01260396  -0.1206021  0.06123083  0.9907307  0.2038509  0.8933211  -0.1112406  0.01156055  0.1682457  -0.01319195  0.9855891  4.780626
-0.1310342  0.9264194  -0.1290085  0.01545241  -0.1228889  0.06110916  0.9904167  0.2054969  0.8897086  -0.1120944  0.01681672  0.1688364  -0.01457324  0.9853929  4.79468
-0.1334356  0.9238208  -0.1291912  0.0184662  -0.1263656  0.06141101  0.9899088  0.2073629  0.8858423  -0.1130182  0.02203773  0.1708225  -0.01692262  0.98491  4.809531
-0.1357337  0.9211441  -0.1292128  0.02134488  -0.128585  0.06237979  0.9895045  0.2088099  0.882513  -0.1141787  0.02601427  0.1735898  -0.01851799  0.9843003  4.821369
-0.1380659  0.9183578  -0.1291689  0.02548776  -0.1313942  0.06231314  0.9890414  0.209946  0.8792667  -0.1153678  0.02932924  0.175366  -0.01906274  0.9838818  4.837816
-0.140347  0.9159186  -0.1291904  0.02819367  -0.1347096  0.06115157  0.9885944  0.2106274  0.8763955  -0.1164719  0.03214058  0.1755533  -0.01782999  0.9837836  4.849651
-0.1424979  0.9137848  -0.1293208  0.02929151  -0.1384483  0.05934426  0.9881561  0.2112181  0.8737939  -0.117497  0.0346077  0.1751814  -0.01574394  0.9838018  4.862818
-0.1445477  0.9117916  -0.1292885  0.03063214  -0.141607  0.05815812  0.9877383  0.2118479  0.8713326  -0.1184632  0.03720498  0.1752734  -0.0142844  0.983713  4.878249
-0.1465738  0.9098304  -0.1291545  0.03301183  -0.1453945  0.05740592  0.9871553  0.2123702  0.8692129  -0.1193777  0.03979016  0.1756614  -0.01347866  0.9835539  4.891714
-0.1484315  0.9079829  -0.129085  0.0352146  -0.1485642  0.05749152  0.9866019  0.2128527  0.8674788  -0.1202732  0.04134853  0.1752432  -0.01366167  0.9835616  4.904458
-0.150116  0.9063298  -0.1290861  0.03727558  -0.1509767  0.0577893  0.9861425  0.2134147  0.8659099  -0.1211169  0.04249866  0.1743204  -0.01542633  0.9836506  4.917532
-0.1513557  0.9055546  -0.1291432  0.04088773  -0.1530059  0.0605602  0.9855201  0.2137702  0.8655123  -0.1215734  0.04395543  0.1729384  -0.01992282  0.9837496  4.943299
-0.1535005  0.9034728  -0.1292887  0.04325062  -0.1556651  0.06083573  0.9849857  0.2146084  0.8630109  -0.1224476  0.04654466  0.1730788  -0.02076773  0.9835884  4.955153
-0.1549378  0.902377  -0.1294721  0.04497684  -0.1576438  0.06293043  0.984462  0.2151555  0.861872  -0.1229163  0.04830851  0.1729136  -0.02302718  0.9834822  4.966872
-0.1560945  0.9015053  -0.1297264  0.04509496  -0.1605902  0.06323346  0.9839608  0.2156105  0.8608885  -0.1234317  0.049388  0.1739491  -0.02399703  0.9832226  4.982776
-0.157007  0.9005983  -0.1298761  0.04548874  -0.1632444  0.0620525  0.983581  0.2159163  0.8601208  -0.1238368  0.05006263  0.1753023  -0.02346827  0.9829609  4.992528
-0.1577056  0.8998183  -0.1300865  0.04612594  -0.1647208  0.06131292  0.9833515  0.2160662  0.8594361  -0.124175  0.05041094  0.1763954  -0.02194066  0.9827828  5.003657
-0.1582826  0.8990178  -0.1301972  0.04684774  -0.1647623  0.06171471  0.9832854  0.2160699  0.8589245  -0.124491  0.05023223  0.177069  -0.01991893  0.9827139  5.015209
-0.1587248  0.8982913  -0.1302466  0.04788822  -0.164759  0.06320436  0.9831412  0.2159534  0.8587021  -0.1246432  0.05024388  0.176652  -0.01905013  0.9828056  5.028999
-0.1590264  0.897616  -0.1303571  0.0484974  -0.165225  0.06393666  0.9829857  0.2158654  0.8585525  -0.1248678  0.05030986  0.1759461  -0.01951833  0.9829196  5.043051
-0.1592543  0.896991  -0.1304954  0.04877761  -0.165989  0.06326173  0.9828869  0.2157747  0.8583941  -0.1251496  0.05033514  0.1752446  -0.02054772  0.9830227  5.056818
-0.1593136  0.8963487  -0.1305855  0.0489435  -0.1668132  0.06229662  0.9828006  0.215456  0.8584153  -0.1254079  0.05009229  0.1742361  -0.02164355  0.9831908  5.073569
-0.1592487  0.8958377  -0.1306104  0.04920973  -0.1664753  0.06130809  0.9829068  0.2151256  0.8587014  -0.1253782  0.04954882  0.1733181  -0.02101657  0.9833942  5.084303
-0.1592334  0.8952982  -0.1305513  0.04971054  -0.1654207  0.06122072  0.9830651  0.2149267  0.8589274  -0.1254071  0.04881131  0.1730181  -0.02025906  0.9834998  5.099375
-0.1592737  0.8947805  -0.130512  0.05021793  -0.1647298  0.06192558  0.9831112  0.2148155  0.8589807  -0.1254794  0.04853493  0.1728182  -0.01987093  0.9835566  5.115237
-0.1593745  0.8942601  -0.1305073  0.05116726  -0.1648113  0.06261698  0.9830047  0.2147862  0.8590077  -0.125611  0.04865092  0.1727991  -0.02005428  0.9835504  5.127572
-0.1590718  0.8944355  -0.1304627  0.05053926  -0.1656034  0.06174294  0.9829594  0.2148251  0.8591098  -0.125664  0.04863787  0.1727638  -0.02055009  0.9835471  5.154039
-0.1593048  0.8938309  -0.1305261  0.05105713  -0.1660573  0.06164566  0.9828622  0.2147398  0.8589324  -0.1258318  0.04874957  0.1725388  -0.02065756  0.9835787  5.164143
-0.1589438  0.8940986  -0.1304847  0.05059555  -0.1654885  0.06132843  0.9830018  0.2147128  0.8589619  -0.1259139  0.04859041  0.1730728  -0.02102324  0.983485  5.17984
-0.1590533  0.8936046  -0.1305303  0.05096718  -0.1657527  0.06115898  0.9829488  0.2146618  0.8588639  -0.1260532  0.04858429  0.1731428  -0.02127577  0.9834676  5.195214
-0.1589644  0.8934757  -0.1305085  0.0509368  -0.1653574  0.06159458  0.9829895  0.2145316  0.8588851  -0.1261739  0.0483134  0.172917  -0.0214524  0.9835168  5.20876
-0.1588988  0.8930842  -0.1304921  0.05090644  -0.1653029  0.06172919  0.9829919  0.2142972  0.8589745  -0.1263761  0.0478483  0.1723658  -0.02117036  0.9836425  5.220857
-0.1587977  0.8925811  -0.1304561  0.05149764  -0.1652874  0.06133874  0.9829881  0.2139756  0.8591076  -0.1266015  0.04726755  0.1715751  -0.02081363  0.9838163  5.229443
-0.1586572  0.8921328  -0.1304146  0.05218124  -0.1652132  0.06115123  0.9829763  0.2136174  0.8592239  -0.1267764  0.04679393  0.171003  -0.02034335  0.9839483  5.246166
-0.1585491  0.8916967  -0.1303624  0.05305071  -0.1649774  0.06157307  0.982943  0.2132584  0.8593719  -0.1269578  0.04588977  0.1704621  -0.01995572  0.9840928  5.258307
-0.1584383  0.8913462  -0.1303584  0.05375139  -0.1648857  0.06209346  0.9828876  0.2130209  0.8594178  -0.1270534  0.04554209  0.1700978  -0.02002872  0.9841706  5.271391
-0.1582907  0.8911019  -0.130387  0.05401631  -0.164638  0.06199279  0.9829209  0.2125373  0.8595528  -0.1273048  0.0448633  0.1688082  -0.02056458  0.9844127  5.28234
-0.1581591  0.8908454  -0.1304574  0.05418451  -0.1646945  0.06157459  0.9829285  0.2117473  0.8596919  -0.1276811  0.04306976  0.1660761  -0.01980873  0.9849728  5.298139
-0.1580842  0.890591  -0.1305556  0.05451944  -0.1648703  0.06131404  0.9828967  0.2106809  0.8596449  -0.1279113  0.04275022  0.1629265  -0.01617067  0.985579  5.315168
-0.1580184  0.8903747  -0.1306154  0.05470297  -0.1650891  0.06161308  0.9828312  0.210006  0.8597484  -0.1280798  0.04237641  0.1616764  -0.01215356  0.9858588  5.324633
-0.1578993  0.8900832  -0.1306615  0.05517164  -0.1649217  0.06191935  0.9828139  0.2094252  0.8591789  -0.1278595  0.04389928  0.1607058  -0.00883629  0.9859861  5.339704

